P,layout,run,ms,gbps
3,AoS,0,2.815808,1525.31
3,AoS,1,2.795968,1536.13
3,AoS,2,2.801440,1533.13
3,AoS,3,2.795168,1536.57
3,AoS,4,2.798176,1534.92
3,AoS,5,2.804832,1531.27
3,AoS,6,2.797216,1535.44
3,AoS,7,2.804064,1531.69
3,AoS,8,2.798016,1535.00
3,AoS,9,2.798784,1534.58
3,AoS,10,2.804928,1531.22
3,AoS,11,2.804576,1531.41
3,AoS,12,2.800768,1533.50
3,AoS,13,2.801280,1533.22
3,AoS,14,2.802016,1532.81
3,AoS,15,2.800160,1533.83
3,AoS,16,2.803552,1531.97
3,AoS,17,2.805792,1530.75
3,AoS,18,2.799040,1534.44
3,AoS,19,2.805120,1531.12
3,AoS,20,2.803488,1532.01
3,AoS,21,2.803584,1531.96
3,AoS,22,2.802368,1532.62
3,AoS,23,2.802976,1532.29
3,AoS,24,2.812576,1527.06
3,AoS,25,2.802592,1532.50
3,AoS,26,2.797024,1535.55
3,AoS,27,2.792032,1538.29
3,AoS,28,2.803392,1532.06
3,AoS,29,2.796736,1535.71
3,AoS,30,2.801312,1533.20
3,AoS,31,2.796960,1535.58
3,AoS,32,2.802304,1532.66
3,AoS,33,2.798496,1534.74
3,AoS,34,2.799296,1534.30
3,AoS,35,2.800416,1533.69
3,AoS,36,2.794880,1536.73
3,AoS,37,2.804448,1531.48
3,AoS,38,2.802112,1532.76
3,AoS,39,2.798912,1534.51
3,AoS,40,2.802208,1532.71
3,AoS,41,2.790656,1539.05
3,AoS,42,2.799168,1534.37
3,AoS,43,2.801536,1533.08
3,AoS,44,2.797280,1535.41
3,AoS,45,2.797888,1535.07
3,AoS,46,2.794496,1536.94
3,AoS,47,2.810400,1528.24
3,AoS,48,2.788192,1540.41
3,AoS,49,2.796064,1536.08
3,AoS,50,2.801504,1533.09
3,AoS,51,2.790688,1539.03
3,AoS,52,2.796256,1535.97
3,AoS,53,2.798176,1534.92
3,AoS,54,2.794912,1536.71
3,AoS,55,2.801632,1533.02
3,AoS,56,2.801312,1533.20
3,AoS,57,2.793536,1537.47
3,AoS,58,2.806656,1530.28
3,AoS,59,2.798016,1535.00
3,AoS,60,2.797408,1535.34
3,AoS,61,2.803872,1531.80
3,AoS,62,2.799392,1534.25
3,AoS,63,2.807040,1530.07
3,AoS,64,2.799680,1534.09
3,AoS,65,2.801664,1533.01
3,AoS,66,2.797408,1535.34
3,AoS,67,2.802560,1532.52
3,AoS,68,2.795648,1536.30
3,AoS,69,2.798976,1534.48
3,AoS,70,2.796992,1535.57
3,AoS,71,2.804640,1531.38
3,AoS,72,2.804416,1531.50
3,AoS,73,2.807744,1529.69
3,AoS,74,2.795872,1536.18
3,AoS,75,2.800768,1533.50
3,AoS,76,2.793056,1537.73
3,AoS,77,2.798816,1534.57
3,AoS,78,2.798752,1534.60
3,AoS,79,2.808352,1529.35
3,AoS,80,2.789440,1539.72
3,AoS,81,2.801760,1532.95
3,AoS,82,2.800672,1533.55
3,AoS,83,2.803872,1531.80
3,AoS,84,2.802368,1532.62
3,AoS,85,2.795072,1536.62
3,AoS,86,2.806176,1530.54
3,AoS,87,2.798784,1534.58
3,AoS,88,2.793568,1537.45
3,AoS,89,2.799360,1534.27
3,AoS,90,2.798592,1534.69
3,AoS,91,2.797824,1535.11
3,AoS,92,2.799040,1534.44
3,AoS,93,2.794016,1537.20
3,AoS,94,2.788384,1540.31
3,AoS,95,2.807616,1529.76
3,AoS,96,2.804256,1531.59
3,AoS,97,2.790816,1538.96
3,AoS,98,2.808672,1529.18
3,AoS,99,2.804544,1531.43
3,SoA,0,1.241824,3458.59
3,SoA,1,1.236704,3472.91
3,SoA,2,1.239424,3465.29
3,SoA,3,1.237888,3469.59
3,SoA,4,1.237760,3469.95
3,SoA,5,1.237472,3470.76
3,SoA,6,1.234176,3480.03
3,SoA,7,1.238720,3467.26
3,SoA,8,1.235648,3475.88
3,SoA,9,1.239360,3465.47
3,SoA,10,1.236288,3474.08
3,SoA,11,1.236064,3474.71
3,SoA,12,1.239200,3465.92
3,SoA,13,1.237504,3470.67
3,SoA,14,1.237696,3470.13
3,SoA,15,1.235168,3477.23
3,SoA,16,1.235904,3475.16
3,SoA,17,1.235584,3476.06
3,SoA,18,1.233696,3481.38
3,SoA,19,1.238944,3466.63
3,SoA,20,1.238816,3466.99
3,SoA,21,1.235680,3475.79
3,SoA,22,1.240288,3462.88
3,SoA,23,1.232128,3485.81
3,SoA,24,1.235488,3476.33
3,SoA,25,1.234752,3478.40
3,SoA,26,1.238496,3467.89
3,SoA,27,1.237536,3470.58
3,SoA,28,1.234336,3479.58
3,SoA,29,1.235968,3474.98
3,SoA,30,1.234368,3479.49
3,SoA,31,1.235136,3477.32
3,SoA,32,1.240192,3463.15
3,SoA,33,1.234368,3479.49
3,SoA,34,1.238432,3468.07
3,SoA,35,1.235648,3475.88
3,SoA,36,1.237600,3470.40
3,SoA,37,1.238080,3469.05
3,SoA,38,1.236352,3473.90
3,SoA,39,1.238656,3467.44
3,SoA,40,1.239072,3466.28
3,SoA,41,1.235680,3475.79
3,SoA,42,1.233856,3480.93
3,SoA,43,1.236960,3472.19
3,SoA,44,1.234048,3480.39
3,SoA,45,1.238112,3468.96
3,SoA,46,1.239872,3464.04
3,SoA,47,1.236000,3474.89
3,SoA,48,1.232352,3485.18
3,SoA,49,1.236544,3473.36
3,SoA,50,1.233632,3481.56
3,SoA,51,1.235584,3476.06
3,SoA,52,1.234272,3479.76
3,SoA,53,1.239264,3465.74
3,SoA,54,1.237152,3471.66
3,SoA,55,1.236928,3472.28
3,SoA,56,1.234112,3480.21
3,SoA,57,1.237984,3469.32
3,SoA,58,1.237152,3471.66
3,SoA,59,1.238592,3467.62
3,SoA,60,1.237504,3470.67
3,SoA,61,1.235584,3476.06
3,SoA,62,1.234464,3479.22
3,SoA,63,1.236128,3474.53
3,SoA,64,1.237920,3469.50
3,SoA,65,1.236416,3473.72
3,SoA,66,1.236448,3473.63
3,SoA,67,1.236288,3474.08
3,SoA,68,1.236096,3474.62
3,SoA,69,1.237504,3470.67
3,SoA,70,1.235616,3475.97
3,SoA,71,1.237248,3471.39
3,SoA,72,1.237664,3470.22
3,SoA,73,1.233696,3481.38
3,SoA,74,1.239488,3465.11
3,SoA,75,1.238432,3468.07
3,SoA,76,1.236096,3474.62
3,SoA,77,1.238944,3466.63
3,SoA,78,1.236448,3473.63
3,SoA,79,1.235168,3477.23
3,SoA,80,1.238304,3468.43
3,SoA,81,1.240256,3462.97
3,SoA,82,1.236160,3474.44
3,SoA,83,1.237344,3471.12
3,SoA,84,1.239232,3465.83
3,SoA,85,1.240480,3462.34
3,SoA,86,1.240224,3463.06
3,SoA,87,1.237344,3471.12
3,SoA,88,1.235648,3475.88
3,SoA,89,1.236960,3472.19
3,SoA,90,1.236128,3474.53
3,SoA,91,1.239360,3465.47
3,SoA,92,1.234112,3480.21
3,SoA,93,1.235008,3477.68
3,SoA,94,1.236832,3472.55
3,SoA,95,1.235936,3475.07
3,SoA,96,1.237152,3471.66
3,SoA,97,1.240800,3461.45
3,SoA,98,1.237536,3470.58
3,SoA,99,1.237184,3471.57
3,AoSoA-2,0,2.472128,1737.36
3,AoSoA-2,1,2.465760,1741.84
3,AoSoA-2,2,2.470144,1738.75
3,AoSoA-2,3,2.468064,1740.22
3,AoSoA-2,4,2.466816,1741.10
3,AoSoA-2,5,2.466848,1741.07
3,AoSoA-2,6,2.470496,1738.50
3,AoSoA-2,7,2.469536,1739.18
3,AoSoA-2,8,2.467008,1740.96
3,AoSoA-2,9,2.469248,1739.38
3,AoSoA-2,10,2.465408,1742.09
3,AoSoA-2,11,2.465184,1742.25
3,AoSoA-2,12,2.468896,1739.63
3,AoSoA-2,13,2.467520,1740.60
3,AoSoA-2,14,2.470336,1738.62
3,AoSoA-2,15,2.471072,1738.10
3,AoSoA-2,16,2.465824,1741.80
3,AoSoA-2,17,2.466784,1741.12
3,AoSoA-2,18,2.470240,1738.68
3,AoSoA-2,19,2.469152,1739.45
3,AoSoA-2,20,2.464864,1742.48
3,AoSoA-2,21,2.469344,1739.31
3,AoSoA-2,22,2.467232,1740.80
3,AoSoA-2,23,2.472448,1737.13
3,AoSoA-2,24,2.470912,1738.21
3,AoSoA-2,25,2.466944,1741.01
3,AoSoA-2,26,2.466240,1741.50
3,AoSoA-2,27,2.467360,1740.71
3,AoSoA-2,28,2.470176,1738.73
3,AoSoA-2,29,2.469120,1739.47
3,AoSoA-2,30,2.470368,1738.59
3,AoSoA-2,31,2.470880,1738.23
3,AoSoA-2,32,2.471232,1737.99
3,AoSoA-2,33,2.468608,1739.83
3,AoSoA-2,34,2.469536,1739.18
3,AoSoA-2,35,2.468736,1739.74
3,AoSoA-2,36,2.468224,1740.10
3,AoSoA-2,37,2.471392,1737.87
3,AoSoA-2,38,2.470016,1738.84
3,AoSoA-2,39,2.470048,1738.82
3,AoSoA-2,40,2.470912,1738.21
3,AoSoA-2,41,2.467808,1740.40
3,AoSoA-2,42,2.467840,1740.37
3,AoSoA-2,43,2.468608,1739.83
3,AoSoA-2,44,2.469472,1739.22
3,AoSoA-2,45,2.468096,1740.19
3,AoSoA-2,46,2.469536,1739.18
3,AoSoA-2,47,2.466720,1741.16
3,AoSoA-2,48,2.467520,1740.60
3,AoSoA-2,49,2.467808,1740.40
3,AoSoA-2,50,2.470432,1738.55
3,AoSoA-2,51,2.469504,1739.20
3,AoSoA-2,52,2.467872,1740.35
3,AoSoA-2,53,2.473504,1736.39
3,AoSoA-2,54,2.468128,1740.17
3,AoSoA-2,55,2.468064,1740.22
3,AoSoA-2,56,2.465472,1742.05
3,AoSoA-2,57,2.466272,1741.48
3,AoSoA-2,58,2.469120,1739.47
3,AoSoA-2,59,2.467648,1740.51
3,AoSoA-2,60,2.465344,1742.14
3,AoSoA-2,61,2.470592,1738.44
3,AoSoA-2,62,2.469600,1739.13
3,AoSoA-2,63,2.464384,1742.82
3,AoSoA-2,64,2.465952,1741.71
3,AoSoA-2,65,2.470304,1738.64
3,AoSoA-2,66,2.469088,1739.49
3,AoSoA-2,67,2.466720,1741.16
3,AoSoA-2,68,2.467488,1740.62
3,AoSoA-2,69,2.469120,1739.47
3,AoSoA-2,70,2.468992,1739.56
3,AoSoA-2,71,2.467456,1740.65
3,AoSoA-2,72,2.467872,1740.35
3,AoSoA-2,73,2.471200,1738.01
3,AoSoA-2,74,2.468832,1739.68
3,AoSoA-2,75,2.469280,1739.36
3,AoSoA-2,76,2.469856,1738.95
3,AoSoA-2,77,2.470944,1738.19
3,AoSoA-2,78,2.467904,1740.33
3,AoSoA-2,79,2.469632,1739.11
3,AoSoA-2,80,2.473120,1736.66
3,AoSoA-2,81,2.468928,1739.61
3,AoSoA-2,82,2.472096,1737.38
3,AoSoA-2,83,2.469760,1739.02
3,AoSoA-2,84,2.468512,1739.90
3,AoSoA-2,85,2.472416,1737.15
3,AoSoA-2,86,2.468480,1739.92
3,AoSoA-2,87,2.469664,1739.09
3,AoSoA-2,88,2.465600,1741.96
3,AoSoA-2,89,2.471488,1737.81
3,AoSoA-2,90,2.468160,1740.15
3,AoSoA-2,91,2.468416,1739.97
3,AoSoA-2,92,2.468480,1739.92
3,AoSoA-2,93,2.467840,1740.37
3,AoSoA-2,94,2.470400,1738.57
3,AoSoA-2,95,2.467616,1740.53
3,AoSoA-2,96,2.469728,1739.04
3,AoSoA-2,97,2.467264,1740.78
3,AoSoA-2,98,2.468480,1739.92
3,AoSoA-2,99,2.468480,1739.92
3,AoSoA-4,0,2.105952,2039.44
3,AoSoA-4,1,2.102432,2042.86
3,AoSoA-4,2,2.103008,2042.30
3,AoSoA-4,3,2.102112,2043.17
3,AoSoA-4,4,2.103136,2042.17
3,AoSoA-4,5,2.102304,2042.98
3,AoSoA-4,6,2.100992,2044.26
3,AoSoA-4,7,2.099680,2045.53
3,AoSoA-4,8,2.105184,2040.19
3,AoSoA-4,9,2.104064,2041.27
3,AoSoA-4,10,2.102176,2043.11
3,AoSoA-4,11,2.099616,2045.60
3,AoSoA-4,12,2.100000,2045.22
3,AoSoA-4,13,2.099552,2045.66
3,AoSoA-4,14,2.105248,2040.12
3,AoSoA-4,15,2.101536,2043.73
3,AoSoA-4,16,2.102592,2042.70
3,AoSoA-4,17,2.103872,2041.46
3,AoSoA-4,18,2.100192,2045.03
3,AoSoA-4,19,2.101088,2044.16
3,AoSoA-4,20,2.098720,2046.47
3,AoSoA-4,21,2.100608,2044.63
3,AoSoA-4,22,2.102688,2042.61
3,AoSoA-4,23,2.101120,2044.13
3,AoSoA-4,24,2.100416,2044.82
3,AoSoA-4,25,2.104128,2041.21
3,AoSoA-4,26,2.101952,2043.32
3,AoSoA-4,27,2.098304,2046.88
3,AoSoA-4,28,2.097344,2047.81
3,AoSoA-4,29,2.099776,2045.44
3,AoSoA-4,30,2.100960,2044.29
3,AoSoA-4,31,2.098144,2047.03
3,AoSoA-4,32,2.098048,2047.12
3,AoSoA-4,33,2.103296,2042.02
3,AoSoA-4,34,2.102976,2042.33
3,AoSoA-4,35,2.104192,2041.15
3,AoSoA-4,36,2.099200,2046.00
3,AoSoA-4,37,2.100672,2044.57
3,AoSoA-4,38,2.105120,2040.25
3,AoSoA-4,39,2.101792,2043.48
3,AoSoA-4,40,2.104736,2040.62
3,AoSoA-4,41,2.091136,2053.89
3,AoSoA-4,42,2.099200,2046.00
3,AoSoA-4,43,2.104416,2040.93
3,AoSoA-4,44,2.097984,2047.19
3,AoSoA-4,45,2.103328,2041.99
3,AoSoA-4,46,2.098016,2047.16
3,AoSoA-4,47,2.096320,2048.81
3,AoSoA-4,48,2.100832,2044.41
3,AoSoA-4,49,2.101856,2043.42
3,AoSoA-4,50,2.100512,2044.72
3,AoSoA-4,51,2.100832,2044.41
3,AoSoA-4,52,2.100864,2044.38
3,AoSoA-4,53,2.099136,2046.06
3,AoSoA-4,54,2.103392,2041.92
3,AoSoA-4,55,2.099296,2045.91
3,AoSoA-4,56,2.100096,2045.13
3,AoSoA-4,57,2.101024,2044.23
3,AoSoA-4,58,2.103136,2042.17
3,AoSoA-4,59,2.103616,2041.71
3,AoSoA-4,60,2.104640,2040.71
3,AoSoA-4,61,2.099680,2045.53
3,AoSoA-4,62,2.100544,2044.69
3,AoSoA-4,63,2.103808,2041.52
3,AoSoA-4,64,2.096096,2049.03
3,AoSoA-4,65,2.101376,2043.88
3,AoSoA-4,66,2.098144,2047.03
3,AoSoA-4,67,2.101984,2043.29
3,AoSoA-4,68,2.097824,2047.34
3,AoSoA-4,69,2.101984,2043.29
3,AoSoA-4,70,2.101024,2044.23
3,AoSoA-4,71,2.103840,2041.49
3,AoSoA-4,72,2.103488,2041.83
3,AoSoA-4,73,2.101472,2043.79
3,AoSoA-4,74,2.102336,2042.95
3,AoSoA-4,75,2.099360,2045.85
3,AoSoA-4,76,2.102432,2042.86
3,AoSoA-4,77,2.098560,2046.63
3,AoSoA-4,78,2.101056,2044.19
3,AoSoA-4,79,2.103008,2042.30
3,AoSoA-4,80,2.099264,2045.94
3,AoSoA-4,81,2.099072,2046.13
3,AoSoA-4,82,2.100768,2044.47
3,AoSoA-4,83,2.105344,2040.03
3,AoSoA-4,84,2.100608,2044.63
3,AoSoA-4,85,2.101728,2043.54
3,AoSoA-4,86,2.101728,2043.54
3,AoSoA-4,87,2.103008,2042.30
3,AoSoA-4,88,2.103264,2042.05
3,AoSoA-4,89,2.105280,2040.09
3,AoSoA-4,90,2.096960,2048.19
3,AoSoA-4,91,2.099168,2046.03
3,AoSoA-4,92,2.100992,2044.26
3,AoSoA-4,93,2.101344,2043.91
3,AoSoA-4,94,2.100032,2045.19
3,AoSoA-4,95,2.095456,2049.66
3,AoSoA-4,96,2.096864,2048.28
3,AoSoA-4,97,2.097856,2047.31
3,AoSoA-4,98,2.103744,2041.58
3,AoSoA-4,99,2.103360,2041.95
3,AoSoA-8,0,1.572064,2732.06
3,AoSoA-8,1,1.563712,2746.65
3,AoSoA-8,2,1.577856,2722.03
3,AoSoA-8,3,1.571712,2732.67
3,AoSoA-8,4,1.571520,2733.00
3,AoSoA-8,5,1.578336,2721.20
3,AoSoA-8,6,1.573088,2730.28
3,AoSoA-8,7,1.573568,2729.44
3,AoSoA-8,8,1.569920,2735.79
3,AoSoA-8,9,1.575072,2726.84
3,AoSoA-8,10,1.571616,2732.83
3,AoSoA-8,11,1.570208,2735.29
3,AoSoA-8,12,1.575648,2725.84
3,AoSoA-8,13,1.574976,2727.00
3,AoSoA-8,14,1.573120,2730.22
3,AoSoA-8,15,1.575904,2725.40
3,AoSoA-8,16,1.574368,2728.06
3,AoSoA-8,17,1.573376,2729.78
3,AoSoA-8,18,1.572832,2730.72
3,AoSoA-8,19,1.576224,2724.85
3,AoSoA-8,20,1.573024,2730.39
3,AoSoA-8,21,1.574848,2727.23
3,AoSoA-8,22,1.570656,2734.50
3,AoSoA-8,23,1.571744,2732.61
3,AoSoA-8,24,1.573440,2729.67
3,AoSoA-8,25,1.574944,2727.06
3,AoSoA-8,26,1.570944,2734.00
3,AoSoA-8,27,1.577696,2722.30
3,AoSoA-8,28,1.576096,2725.07
3,AoSoA-8,29,1.565440,2743.62
3,AoSoA-8,30,1.568480,2738.30
3,AoSoA-8,31,1.570240,2735.23
3,AoSoA-8,32,1.573312,2729.89
3,AoSoA-8,33,1.577472,2722.69
3,AoSoA-8,34,1.577568,2722.52
3,AoSoA-8,35,1.575008,2726.95
3,AoSoA-8,36,1.576864,2723.74
3,AoSoA-8,37,1.577632,2722.41
3,AoSoA-8,38,1.572320,2731.61
3,AoSoA-8,39,1.568160,2738.86
3,AoSoA-8,40,1.568032,2739.08
3,AoSoA-8,41,1.572352,2731.56
3,AoSoA-8,42,1.577344,2722.91
3,AoSoA-8,43,1.579328,2719.49
3,AoSoA-8,44,1.575744,2725.68
3,AoSoA-8,45,1.575008,2726.95
3,AoSoA-8,46,1.576928,2723.63
3,AoSoA-8,47,1.573856,2728.94
3,AoSoA-8,48,1.578208,2721.42
3,AoSoA-8,49,1.568448,2738.35
3,AoSoA-8,50,1.576736,2723.96
3,AoSoA-8,51,1.575040,2726.89
3,AoSoA-8,52,1.572992,2730.44
3,AoSoA-8,53,1.574624,2727.61
3,AoSoA-8,54,1.570912,2734.06
3,AoSoA-8,55,1.571552,2732.95
3,AoSoA-8,56,1.572416,2731.44
3,AoSoA-8,57,1.571488,2733.06
3,AoSoA-8,58,1.572288,2731.67
3,AoSoA-8,59,1.572960,2730.50
3,AoSoA-8,60,1.569504,2736.51
3,AoSoA-8,61,1.573376,2729.78
3,AoSoA-8,62,1.577024,2723.46
3,AoSoA-8,63,1.572416,2731.44
3,AoSoA-8,64,1.565152,2744.12
3,AoSoA-8,65,1.576192,2724.90
3,AoSoA-8,66,1.576512,2724.35
3,AoSoA-8,67,1.564448,2745.36
3,AoSoA-8,68,1.569856,2735.90
3,AoSoA-8,69,1.571616,2732.83
3,AoSoA-8,70,1.577856,2722.03
3,AoSoA-8,71,1.569696,2736.18
3,AoSoA-8,72,1.578080,2721.64
3,AoSoA-8,73,1.574528,2727.78
3,AoSoA-8,74,1.574208,2728.33
3,AoSoA-8,75,1.567488,2740.03
3,AoSoA-8,76,1.570560,2734.67
3,AoSoA-8,77,1.576608,2724.18
3,AoSoA-8,78,1.572992,2730.44
3,AoSoA-8,79,1.574464,2727.89
3,AoSoA-8,80,1.573024,2730.39
3,AoSoA-8,81,1.572352,2731.56
3,AoSoA-8,82,1.576640,2724.13
3,AoSoA-8,83,1.572352,2731.56
3,AoSoA-8,84,1.574304,2728.17
3,AoSoA-8,85,1.575488,2726.12
3,AoSoA-8,86,1.573472,2729.61
3,AoSoA-8,87,1.569376,2736.74
3,AoSoA-8,88,1.572128,2731.94
3,AoSoA-8,89,1.574816,2727.28
3,AoSoA-8,90,1.574080,2728.56
3,AoSoA-8,91,1.575648,2725.84
3,AoSoA-8,92,1.575456,2726.17
3,AoSoA-8,93,1.576000,2725.23
3,AoSoA-8,94,1.571552,2732.95
3,AoSoA-8,95,1.577184,2723.19
3,AoSoA-8,96,1.570400,2734.95
3,AoSoA-8,97,1.576448,2724.46
3,AoSoA-8,98,1.569760,2736.07
3,AoSoA-8,99,1.571712,2732.67
3,AoSoA-16,0,1.267872,3387.54
3,AoSoA-16,1,1.265728,3393.28
3,AoSoA-16,2,1.265152,3394.82
3,AoSoA-16,3,1.263424,3399.47
3,AoSoA-16,4,1.265920,3392.76
3,AoSoA-16,5,1.265216,3394.65
3,AoSoA-16,6,1.266400,3391.48
3,AoSoA-16,7,1.266688,3390.71
3,AoSoA-16,8,1.265792,3393.11
3,AoSoA-16,9,1.267968,3387.28
3,AoSoA-16,10,1.265088,3394.99
3,AoSoA-16,11,1.264640,3396.20
3,AoSoA-16,12,1.265408,3394.14
3,AoSoA-16,13,1.264704,3396.02
3,AoSoA-16,14,1.266208,3391.99
3,AoSoA-16,15,1.267936,3387.37
3,AoSoA-16,16,1.267008,3389.85
3,AoSoA-16,17,1.266656,3390.79
3,AoSoA-16,18,1.265696,3393.36
3,AoSoA-16,19,1.263968,3398.00
3,AoSoA-16,20,1.266112,3392.25
3,AoSoA-16,21,1.265824,3393.02
3,AoSoA-16,22,1.265536,3393.79
3,AoSoA-16,23,1.266784,3390.45
3,AoSoA-16,24,1.266432,3391.39
3,AoSoA-16,25,1.266592,3390.96
3,AoSoA-16,26,1.264704,3396.02
3,AoSoA-16,27,1.265536,3393.79
3,AoSoA-16,28,1.263200,3400.07
3,AoSoA-16,29,1.264288,3397.14
3,AoSoA-16,30,1.265216,3394.65
3,AoSoA-16,31,1.264704,3396.02
3,AoSoA-16,32,1.265824,3393.02
3,AoSoA-16,33,1.266752,3390.53
3,AoSoA-16,34,1.265664,3393.45
3,AoSoA-16,35,1.266208,3391.99
3,AoSoA-16,36,1.265408,3394.14
3,AoSoA-16,37,1.264768,3395.85
3,AoSoA-16,38,1.263360,3399.64
3,AoSoA-16,39,1.264896,3395.51
3,AoSoA-16,40,1.265632,3393.53
3,AoSoA-16,41,1.265568,3393.71
3,AoSoA-16,42,1.264256,3397.23
3,AoSoA-16,43,1.265472,3393.96
3,AoSoA-16,44,1.267264,3389.16
3,AoSoA-16,45,1.265024,3395.17
3,AoSoA-16,46,1.264128,3397.57
3,AoSoA-16,47,1.265280,3394.48
3,AoSoA-16,48,1.264320,3397.06
3,AoSoA-16,49,1.265504,3393.88
3,AoSoA-16,50,1.264000,3397.92
3,AoSoA-16,51,1.265728,3393.28
3,AoSoA-16,52,1.267360,3388.91
3,AoSoA-16,53,1.265984,3392.59
3,AoSoA-16,54,1.265472,3393.96
3,AoSoA-16,55,1.264864,3395.60
3,AoSoA-16,56,1.265056,3395.08
3,AoSoA-16,57,1.265408,3394.14
3,AoSoA-16,58,1.267200,3389.34
3,AoSoA-16,59,1.265408,3394.14
3,AoSoA-16,60,1.266176,3392.08
3,AoSoA-16,61,1.265824,3393.02
3,AoSoA-16,62,1.264928,3395.42
3,AoSoA-16,63,1.265952,3392.68
3,AoSoA-16,64,1.266368,3391.56
3,AoSoA-16,65,1.265632,3393.53
3,AoSoA-16,66,1.265152,3394.82
3,AoSoA-16,67,1.264384,3396.88
3,AoSoA-16,68,1.263488,3399.29
3,AoSoA-16,69,1.266336,3391.65
3,AoSoA-16,70,1.264864,3395.60
3,AoSoA-16,71,1.264640,3396.20
3,AoSoA-16,72,1.267360,3388.91
3,AoSoA-16,73,1.264992,3395.25
3,AoSoA-16,74,1.263840,3398.35
3,AoSoA-16,75,1.263200,3400.07
3,AoSoA-16,76,1.265120,3394.91
3,AoSoA-16,77,1.264352,3396.97
3,AoSoA-16,78,1.266368,3391.56
3,AoSoA-16,79,1.266976,3389.93
3,AoSoA-16,80,1.264096,3397.66
3,AoSoA-16,81,1.266016,3392.51
3,AoSoA-16,82,1.263968,3398.00
3,AoSoA-16,83,1.263360,3399.64
3,AoSoA-16,84,1.265216,3394.65
3,AoSoA-16,85,1.264064,3397.74
3,AoSoA-16,86,1.264448,3396.71
3,AoSoA-16,87,1.266368,3391.56
3,AoSoA-16,88,1.265760,3393.19
3,AoSoA-16,89,1.266176,3392.08
3,AoSoA-16,90,1.265952,3392.68
3,AoSoA-16,91,1.264896,3395.51
3,AoSoA-16,92,1.264192,3397.40
3,AoSoA-16,93,1.264544,3396.45
3,AoSoA-16,94,1.264000,3397.92
3,AoSoA-16,95,1.264864,3395.60
3,AoSoA-16,96,1.266432,3391.39
3,AoSoA-16,97,1.266208,3391.99
3,AoSoA-16,98,1.265312,3394.39
3,AoSoA-16,99,1.264448,3396.71
3,AoSoA-32,0,1.231168,3488.53
3,AoSoA-32,1,1.231296,3488.17
3,AoSoA-32,2,1.229792,3492.43
3,AoSoA-32,3,1.231104,3488.71
3,AoSoA-32,4,1.228224,3496.89
3,AoSoA-32,5,1.231392,3487.90
3,AoSoA-32,6,1.229088,3494.43
3,AoSoA-32,7,1.230688,3489.89
3,AoSoA-32,8,1.231072,3488.80
3,AoSoA-32,9,1.231648,3487.17
3,AoSoA-32,10,1.230272,3491.07
3,AoSoA-32,11,1.227936,3497.71
3,AoSoA-32,12,1.231776,3486.81
3,AoSoA-32,13,1.230816,3489.53
3,AoSoA-32,14,1.228032,3497.44
3,AoSoA-32,15,1.229728,3492.61
3,AoSoA-32,16,1.226304,3502.37
3,AoSoA-32,17,1.230240,3491.16
3,AoSoA-32,18,1.232032,3486.08
3,AoSoA-32,19,1.229248,3493.98
3,AoSoA-32,20,1.228672,3495.62
3,AoSoA-32,21,1.230944,3489.16
3,AoSoA-32,22,1.227424,3499.17
3,AoSoA-32,23,1.231680,3487.08
3,AoSoA-32,24,1.226880,3500.72
3,AoSoA-32,25,1.231264,3488.26
3,AoSoA-32,26,1.231360,3487.99
3,AoSoA-32,27,1.229728,3492.61
3,AoSoA-32,28,1.229504,3493.25
3,AoSoA-32,29,1.231744,3486.90
3,AoSoA-32,30,1.229472,3493.34
3,AoSoA-32,31,1.229984,3491.89
3,AoSoA-32,32,1.231648,3487.17
3,AoSoA-32,33,1.233472,3482.01
3,AoSoA-32,34,1.228480,3496.16
3,AoSoA-32,35,1.232224,3485.54
3,AoSoA-32,36,1.229536,3493.16
3,AoSoA-32,37,1.229696,3492.71
3,AoSoA-32,38,1.232928,3483.55
3,AoSoA-32,39,1.230656,3489.98
3,AoSoA-32,40,1.231936,3486.36
3,AoSoA-32,41,1.229536,3493.16
3,AoSoA-32,42,1.231424,3487.80
3,AoSoA-32,43,1.234624,3478.76
3,AoSoA-32,44,1.229952,3491.98
3,AoSoA-32,45,1.228864,3495.07
3,AoSoA-32,46,1.229824,3492.34
3,AoSoA-32,47,1.229888,3492.16
3,AoSoA-32,48,1.231424,3487.80
3,AoSoA-32,49,1.229632,3492.89
3,AoSoA-32,50,1.231136,3488.62
3,AoSoA-32,51,1.230816,3489.53
3,AoSoA-32,52,1.226624,3501.45
3,AoSoA-32,53,1.232224,3485.54
3,AoSoA-32,54,1.225568,3504.47
3,AoSoA-32,55,1.230944,3489.16
3,AoSoA-32,56,1.230240,3491.16
3,AoSoA-32,57,1.230528,3490.34
3,AoSoA-32,58,1.227296,3499.54
3,AoSoA-32,59,1.229280,3493.89
3,AoSoA-32,60,1.231168,3488.53
3,AoSoA-32,61,1.232736,3484.09
3,AoSoA-32,62,1.229984,3491.89
3,AoSoA-32,63,1.231008,3488.98
3,AoSoA-32,64,1.228448,3496.25
3,AoSoA-32,65,1.231424,3487.80
3,AoSoA-32,66,1.228448,3496.25
3,AoSoA-32,67,1.230784,3489.62
3,AoSoA-32,68,1.229952,3491.98
3,AoSoA-32,69,1.231392,3487.90
3,AoSoA-32,70,1.231776,3486.81
3,AoSoA-32,71,1.231520,3487.53
3,AoSoA-32,72,1.229216,3494.07
3,AoSoA-32,73,1.230752,3489.71
3,AoSoA-32,74,1.231904,3486.45
3,AoSoA-32,75,1.228224,3496.89
3,AoSoA-32,76,1.231616,3487.26
3,AoSoA-32,77,1.230016,3491.80
3,AoSoA-32,78,1.231872,3486.54
3,AoSoA-32,79,1.227264,3499.63
3,AoSoA-32,80,1.228832,3495.16
3,AoSoA-32,81,1.229568,3493.07
3,AoSoA-32,82,1.231904,3486.45
3,AoSoA-32,83,1.231744,3486.90
3,AoSoA-32,84,1.230976,3489.07
3,AoSoA-32,85,1.228960,3494.80
3,AoSoA-32,86,1.231520,3487.53
3,AoSoA-32,87,1.229984,3491.89
3,AoSoA-32,88,1.229120,3494.34
3,AoSoA-32,89,1.231392,3487.90
3,AoSoA-32,90,1.227968,3497.62
3,AoSoA-32,91,1.228672,3495.62
3,AoSoA-32,92,1.229888,3492.16
3,AoSoA-32,93,1.231584,3487.35
3,AoSoA-32,94,1.230272,3491.07
3,AoSoA-32,95,1.231552,3487.44
3,AoSoA-32,96,1.229408,3493.52
3,AoSoA-32,97,1.228544,3495.98
3,AoSoA-32,98,1.230688,3489.89
3,AoSoA-32,99,1.229088,3494.43
3,AoSoA-64,0,1.213280,3539.96
3,AoSoA-64,1,1.213280,3539.96
3,AoSoA-64,2,1.210880,3546.98
3,AoSoA-64,3,1.213024,3540.71
3,AoSoA-64,4,1.213024,3540.71
3,AoSoA-64,5,1.212800,3541.36
3,AoSoA-64,6,1.212064,3543.51
3,AoSoA-64,7,1.211936,3543.89
3,AoSoA-64,8,1.211552,3545.01
3,AoSoA-64,9,1.211968,3543.80
3,AoSoA-64,10,1.212544,3542.11
3,AoSoA-64,11,1.209984,3549.61
3,AoSoA-64,12,1.211584,3544.92
3,AoSoA-64,13,1.211616,3544.82
3,AoSoA-64,14,1.211136,3546.23
3,AoSoA-64,15,1.211072,3546.42
3,AoSoA-64,16,1.213248,3540.06
3,AoSoA-64,17,1.208704,3553.36
3,AoSoA-64,18,1.211136,3546.23
3,AoSoA-64,19,1.209024,3552.42
3,AoSoA-64,20,1.210880,3546.98
3,AoSoA-64,21,1.212480,3542.30
3,AoSoA-64,22,1.212352,3542.67
3,AoSoA-64,23,1.214752,3535.67
3,AoSoA-64,24,1.211872,3544.08
3,AoSoA-64,25,1.212544,3542.11
3,AoSoA-64,26,1.211328,3545.67
3,AoSoA-64,27,1.211840,3544.17
3,AoSoA-64,28,1.212768,3541.46
3,AoSoA-64,29,1.212352,3542.67
3,AoSoA-64,30,1.212160,3543.23
3,AoSoA-64,31,1.211680,3544.64
3,AoSoA-64,32,1.211328,3545.67
3,AoSoA-64,33,1.212960,3540.90
3,AoSoA-64,34,1.211136,3546.23
3,AoSoA-64,35,1.212416,3542.49
3,AoSoA-64,36,1.211616,3544.82
3,AoSoA-64,37,1.211232,3545.95
3,AoSoA-64,38,1.212640,3541.83
3,AoSoA-64,39,1.211744,3544.45
3,AoSoA-64,40,1.213920,3538.10
3,AoSoA-64,41,1.212192,3543.14
3,AoSoA-64,42,1.206944,3558.55
3,AoSoA-64,43,1.212608,3541.92
3,AoSoA-64,44,1.211296,3545.76
3,AoSoA-64,45,1.211584,3544.92
3,AoSoA-64,46,1.212960,3540.90
3,AoSoA-64,47,1.211552,3545.01
3,AoSoA-64,48,1.212192,3543.14
3,AoSoA-64,49,1.213024,3540.71
3,AoSoA-64,50,1.212960,3540.90
3,AoSoA-64,51,1.212736,3541.55
3,AoSoA-64,52,1.211168,3546.14
3,AoSoA-64,53,1.212832,3541.27
3,AoSoA-64,54,1.209952,3549.70
3,AoSoA-64,55,1.211040,3546.51
3,AoSoA-64,56,1.211648,3544.73
3,AoSoA-64,57,1.211552,3545.01
3,AoSoA-64,58,1.211872,3544.08
3,AoSoA-64,59,1.211936,3543.89
3,AoSoA-64,60,1.211936,3543.89
3,AoSoA-64,61,1.212320,3542.77
3,AoSoA-64,62,1.213984,3537.91
3,AoSoA-64,63,1.212224,3543.05
3,AoSoA-64,64,1.212000,3543.70
3,AoSoA-64,65,1.212064,3543.51
3,AoSoA-64,66,1.212288,3542.86
3,AoSoA-64,67,1.211456,3545.29
3,AoSoA-64,68,1.212192,3543.14
3,AoSoA-64,69,1.212288,3542.86
3,AoSoA-64,70,1.212640,3541.83
3,AoSoA-64,71,1.212192,3543.14
3,AoSoA-64,72,1.212800,3541.36
3,AoSoA-64,73,1.211936,3543.89
3,AoSoA-64,74,1.211808,3544.26
3,AoSoA-64,75,1.213056,3540.62
3,AoSoA-64,76,1.211424,3545.39
3,AoSoA-64,77,1.213536,3539.22
3,AoSoA-64,78,1.213216,3540.15
3,AoSoA-64,79,1.210976,3546.70
3,AoSoA-64,80,1.212576,3542.02
3,AoSoA-64,81,1.213088,3540.52
3,AoSoA-64,82,1.211264,3545.85
3,AoSoA-64,83,1.212192,3543.14
3,AoSoA-64,84,1.213440,3539.50
3,AoSoA-64,85,1.212128,3543.33
3,AoSoA-64,86,1.213056,3540.62
3,AoSoA-64,87,1.210656,3547.64
3,AoSoA-64,88,1.212064,3543.51
3,AoSoA-64,89,1.210688,3547.54
3,AoSoA-64,90,1.214208,3537.26
3,AoSoA-64,91,1.211840,3544.17
3,AoSoA-64,92,1.212512,3542.21
3,AoSoA-64,93,1.211008,3546.60
3,AoSoA-64,94,1.214272,3537.07
3,AoSoA-64,95,1.211904,3543.98
3,AoSoA-64,96,1.212192,3543.14
3,AoSoA-64,97,1.213504,3539.31
3,AoSoA-64,98,1.212512,3542.21
3,AoSoA-64,99,1.213344,3539.78
6,AoS,0,3.822080,1123.72
6,AoS,1,3.813664,1126.20
6,AoS,2,3.811232,1126.92
6,AoS,3,3.815552,1125.65
6,AoS,4,3.810752,1127.06
6,AoS,5,3.807968,1127.89
6,AoS,6,3.813632,1126.21
6,AoS,7,3.822240,1123.68
6,AoS,8,3.815264,1125.73
6,AoS,9,3.820672,1124.14
6,AoS,10,3.816576,1125.34
6,AoS,11,3.807328,1128.08
6,AoS,12,3.820384,1124.22
6,AoS,13,3.823680,1123.25
6,AoS,14,3.819680,1124.43
6,AoS,15,3.823488,1123.31
6,AoS,16,3.814432,1125.98
6,AoS,17,3.817120,1125.18
6,AoS,18,3.814496,1125.96
6,AoS,19,3.824192,1123.10
6,AoS,20,3.821760,1123.82
6,AoS,21,3.816224,1125.45
6,AoS,22,3.816576,1125.34
6,AoS,23,3.819680,1124.43
6,AoS,24,3.823424,1123.33
6,AoS,25,3.819616,1124.45
6,AoS,26,3.818816,1124.68
6,AoS,27,3.818080,1124.90
6,AoS,28,3.816384,1125.40
6,AoS,29,3.824928,1122.89
6,AoS,30,3.826144,1122.53
6,AoS,31,3.816896,1125.25
6,AoS,32,3.819904,1124.36
6,AoS,33,3.818368,1124.82
6,AoS,34,3.819168,1124.58
6,AoS,35,3.818784,1124.69
6,AoS,36,3.818720,1124.71
6,AoS,37,3.821952,1123.76
6,AoS,38,3.821024,1124.03
6,AoS,39,3.823232,1123.39
6,AoS,40,3.819936,1124.35
6,AoS,41,3.818944,1124.65
6,AoS,42,3.816064,1125.50
6,AoS,43,3.817664,1125.02
6,AoS,44,3.820928,1124.06
6,AoS,45,3.824736,1122.94
6,AoS,46,3.809504,1127.43
6,AoS,47,3.817376,1125.11
6,AoS,48,3.815872,1125.55
6,AoS,49,3.815136,1125.77
6,AoS,50,3.820704,1124.13
6,AoS,51,3.819328,1124.53
6,AoS,52,3.820512,1124.19
6,AoS,53,3.817600,1125.04
6,AoS,54,3.817792,1124.99
6,AoS,55,3.821088,1124.02
6,AoS,56,3.818048,1124.91
6,AoS,57,3.820096,1124.31
6,AoS,58,3.821920,1123.77
6,AoS,59,3.820800,1124.10
6,AoS,60,3.812800,1126.46
6,AoS,61,3.822048,1123.73
6,AoS,62,3.817792,1124.99
6,AoS,63,3.818240,1124.85
6,AoS,64,3.818432,1124.80
6,AoS,65,3.817344,1125.12
6,AoS,66,3.812096,1126.67
6,AoS,67,3.818624,1124.74
6,AoS,68,3.816064,1125.50
6,AoS,69,3.822464,1123.61
6,AoS,70,3.823520,1123.30
6,AoS,71,3.818144,1124.88
6,AoS,72,3.821056,1124.03
6,AoS,73,3.819520,1124.48
6,AoS,74,3.822400,1123.63
6,AoS,75,3.815968,1125.52
6,AoS,76,3.818720,1124.71
6,AoS,77,3.818784,1124.69
6,AoS,78,3.824448,1123.03
6,AoS,79,3.817248,1125.15
6,AoS,80,3.820672,1124.14
6,AoS,81,3.819776,1124.40
6,AoS,82,3.822688,1123.55
6,AoS,83,3.818944,1124.65
6,AoS,84,3.822592,1123.57
6,AoS,85,3.820416,1124.21
6,AoS,86,3.825568,1122.70
6,AoS,87,3.821536,1123.88
6,AoS,88,3.823296,1123.37
6,AoS,89,3.820096,1124.31
6,AoS,90,3.820352,1124.23
6,AoS,91,3.824320,1123.07
6,AoS,92,3.819872,1124.37
6,AoS,93,3.819360,1124.52
6,AoS,94,3.818720,1124.71
6,AoS,95,3.816224,1125.45
6,AoS,96,3.823424,1123.33
6,AoS,97,3.818304,1124.84
6,AoS,98,3.821536,1123.88
6,AoS,99,3.815872,1125.55
6,SoA,0,1.239072,3466.27
6,SoA,1,1.236576,3473.27
6,SoA,2,1.235264,3476.96
6,SoA,3,1.235616,3475.97
6,SoA,4,1.234560,3478.94
6,SoA,5,1.238336,3468.33
6,SoA,6,1.236608,3473.18
6,SoA,7,1.234784,3478.31
6,SoA,8,1.234944,3477.86
6,SoA,9,1.232448,3484.90
6,SoA,10,1.235392,3476.60
6,SoA,11,1.238016,3469.23
6,SoA,12,1.236928,3472.28
6,SoA,13,1.234464,3479.21
6,SoA,14,1.234528,3479.03
6,SoA,15,1.235744,3475.61
6,SoA,16,1.234528,3479.03
6,SoA,17,1.237856,3469.68
6,SoA,18,1.237248,3471.38
6,SoA,19,1.237344,3471.11
6,SoA,20,1.236640,3473.09
6,SoA,21,1.236416,3473.72
6,SoA,22,1.236768,3472.73
6,SoA,23,1.235808,3475.43
6,SoA,24,1.235008,3477.68
6,SoA,25,1.236544,3473.36
6,SoA,26,1.236288,3474.08
6,SoA,27,1.237312,3471.20
6,SoA,28,1.237248,3471.38
6,SoA,29,1.235072,3477.50
6,SoA,30,1.234656,3478.67
6,SoA,31,1.236608,3473.18
6,SoA,32,1.236992,3472.10
6,SoA,33,1.237312,3471.20
6,SoA,34,1.238272,3468.51
6,SoA,35,1.235392,3476.60
6,SoA,36,1.236000,3474.89
6,SoA,37,1.236288,3474.08
6,SoA,38,1.237632,3470.31
6,SoA,39,1.236256,3474.17
6,SoA,40,1.234496,3479.12
6,SoA,41,1.237280,3471.29
6,SoA,42,1.235008,3477.68
6,SoA,43,1.239136,3466.10
6,SoA,44,1.234336,3479.57
6,SoA,45,1.234944,3477.86
6,SoA,46,1.232192,3485.63
6,SoA,47,1.236704,3472.91
6,SoA,48,1.239712,3464.48
6,SoA,49,1.236128,3474.53
6,SoA,50,1.236032,3474.80
6,SoA,51,1.234976,3477.77
6,SoA,52,1.235168,3477.23
6,SoA,53,1.236896,3472.37
6,SoA,54,1.237568,3470.49
6,SoA,55,1.232160,3485.72
6,SoA,56,1.235488,3476.33
6,SoA,57,1.233088,3483.10
6,SoA,58,1.232096,3485.90
6,SoA,59,1.238240,3468.60
6,SoA,60,1.234656,3478.67
6,SoA,61,1.236416,3473.72
6,SoA,62,1.238432,3468.07
6,SoA,63,1.236256,3474.17
6,SoA,64,1.239424,3465.29
6,SoA,65,1.236032,3474.80
6,SoA,66,1.236416,3473.72
6,SoA,67,1.234912,3477.95
6,SoA,68,1.235392,3476.60
6,SoA,69,1.234976,3477.77
6,SoA,70,1.234208,3479.93
6,SoA,71,1.236992,3472.10
6,SoA,72,1.238016,3469.23
6,SoA,73,1.238048,3469.14
6,SoA,74,1.236352,3473.90
6,SoA,75,1.237792,3469.86
6,SoA,76,1.238976,3466.54
6,SoA,77,1.235712,3475.70
6,SoA,78,1.233152,3482.91
6,SoA,79,1.238016,3469.23
6,SoA,80,1.234592,3478.85
6,SoA,81,1.238976,3466.54
6,SoA,82,1.236352,3473.90
6,SoA,83,1.236736,3472.82
6,SoA,84,1.238048,3469.14
6,SoA,85,1.237312,3471.20
6,SoA,86,1.237184,3471.56
6,SoA,87,1.237024,3472.01
6,SoA,88,1.237344,3471.11
6,SoA,89,1.234784,3478.31
6,SoA,90,1.238432,3468.07
6,SoA,91,1.235392,3476.60
6,SoA,92,1.237600,3470.40
6,SoA,93,1.233056,3483.19
6,SoA,94,1.237376,3471.03
6,SoA,95,1.236384,3473.81
6,SoA,96,1.234368,3479.48
6,SoA,97,1.238432,3468.07
6,SoA,98,1.235584,3476.06
6,SoA,99,1.237312,3471.20
6,AoSoA-2,0,4.246624,1011.38
6,AoSoA-2,1,4.242496,1012.37
6,AoSoA-2,2,4.237216,1013.63
6,AoSoA-2,3,4.238208,1013.39
6,AoSoA-2,4,4.244320,1011.93
6,AoSoA-2,5,4.245984,1011.54
6,AoSoA-2,6,4.233664,1014.48
6,AoSoA-2,7,4.237920,1013.46
6,AoSoA-2,8,4.244032,1012.00
6,AoSoA-2,9,4.241536,1012.60
6,AoSoA-2,10,4.240512,1012.84
6,AoSoA-2,11,4.238624,1013.29
6,AoSoA-2,12,4.238784,1013.25
6,AoSoA-2,13,4.233856,1014.43
6,AoSoA-2,14,4.241472,1012.61
6,AoSoA-2,15,4.251616,1010.20
6,AoSoA-2,16,4.245152,1011.73
6,AoSoA-2,17,4.235488,1014.04
6,AoSoA-2,18,4.245408,1011.67
6,AoSoA-2,19,4.234624,1014.25
6,AoSoA-2,20,4.244736,1011.83
6,AoSoA-2,21,4.246368,1011.44
6,AoSoA-2,22,4.240608,1012.82
6,AoSoA-2,23,4.246048,1011.52
6,AoSoA-2,24,4.239648,1013.05
6,AoSoA-2,25,4.238816,1013.25
6,AoSoA-2,26,4.241632,1012.57
6,AoSoA-2,27,4.232000,1014.88
6,AoSoA-2,28,4.252256,1010.04
6,AoSoA-2,29,4.249312,1010.74
6,AoSoA-2,30,4.228000,1015.84
6,AoSoA-2,31,4.240576,1012.83
6,AoSoA-2,32,4.252608,1009.96
6,AoSoA-2,33,4.235168,1014.12
6,AoSoA-2,34,4.231168,1015.08
6,AoSoA-2,35,4.240768,1012.78
6,AoSoA-2,36,4.239264,1013.14
6,AoSoA-2,37,4.235104,1014.13
6,AoSoA-2,38,4.242400,1012.39
6,AoSoA-2,39,4.237120,1013.65
6,AoSoA-2,40,4.234528,1014.27
6,AoSoA-2,41,4.227136,1016.05
6,AoSoA-2,42,4.240640,1012.81
6,AoSoA-2,43,4.245408,1011.67
6,AoSoA-2,44,4.239360,1013.12
6,AoSoA-2,45,4.244640,1011.86
6,AoSoA-2,46,4.240096,1012.94
6,AoSoA-2,47,4.239104,1013.18
6,AoSoA-2,48,4.245568,1011.63
6,AoSoA-2,49,4.239520,1013.08
6,AoSoA-2,50,4.234528,1014.27
6,AoSoA-2,51,4.238912,1013.22
6,AoSoA-2,52,4.250880,1010.37
6,AoSoA-2,53,4.242464,1012.37
6,AoSoA-2,54,4.249440,1010.71
6,AoSoA-2,55,4.237184,1013.64
6,AoSoA-2,56,4.241664,1012.57
6,AoSoA-2,57,4.241504,1012.60
6,AoSoA-2,58,4.246208,1011.48
6,AoSoA-2,59,4.246400,1011.44
6,AoSoA-2,60,4.243232,1012.19
6,AoSoA-2,61,4.236384,1013.83
6,AoSoA-2,62,4.240608,1012.82
6,AoSoA-2,63,4.231584,1014.98
6,AoSoA-2,64,4.228000,1015.84
6,AoSoA-2,65,4.226112,1016.29
6,AoSoA-2,66,4.233728,1014.46
6,AoSoA-2,67,4.231424,1015.02
6,AoSoA-2,68,4.237600,1013.54
6,AoSoA-2,69,4.247296,1011.22
6,AoSoA-2,70,4.230336,1015.28
6,AoSoA-2,71,4.234752,1014.22
6,AoSoA-2,72,4.238784,1013.25
6,AoSoA-2,73,4.231520,1014.99
6,AoSoA-2,74,4.241728,1012.55
6,AoSoA-2,75,4.234176,1014.36
6,AoSoA-2,76,4.230464,1015.25
6,AoSoA-2,77,4.238880,1013.23
6,AoSoA-2,78,4.229216,1015.55
6,AoSoA-2,79,4.234496,1014.28
6,AoSoA-2,80,4.236768,1013.74
6,AoSoA-2,81,4.240032,1012.96
6,AoSoA-2,82,4.240256,1012.90
6,AoSoA-2,83,4.233184,1014.59
6,AoSoA-2,84,4.239296,1013.13
6,AoSoA-2,85,4.240992,1012.73
6,AoSoA-2,86,4.242912,1012.27
6,AoSoA-2,87,4.234944,1014.17
6,AoSoA-2,88,4.238784,1013.25
6,AoSoA-2,89,4.233056,1014.62
6,AoSoA-2,90,4.239296,1013.13
6,AoSoA-2,91,4.237952,1013.45
6,AoSoA-2,92,4.241248,1012.66
6,AoSoA-2,93,4.234560,1014.26
6,AoSoA-2,94,4.238016,1013.44
6,AoSoA-2,95,4.242496,1012.37
6,AoSoA-2,96,4.236768,1013.74
6,AoSoA-2,97,4.238048,1013.43
6,AoSoA-2,98,4.231584,1014.98
6,AoSoA-2,99,4.232192,1014.83
6,AoSoA-4,0,2.118624,2027.24
6,AoSoA-4,1,2.117824,2028.01
6,AoSoA-4,2,2.118688,2027.18
6,AoSoA-4,3,2.119232,2026.66
6,AoSoA-4,4,2.112896,2032.74
6,AoSoA-4,5,2.117984,2027.85
6,AoSoA-4,6,2.120160,2025.77
6,AoSoA-4,7,2.119232,2026.66
6,AoSoA-4,8,2.120160,2025.77
6,AoSoA-4,9,2.118368,2027.49
6,AoSoA-4,10,2.117440,2028.38
6,AoSoA-4,11,2.117440,2028.38
6,AoSoA-4,12,2.115232,2030.49
6,AoSoA-4,13,2.118048,2027.79
6,AoSoA-4,14,2.117984,2027.85
6,AoSoA-4,15,2.116800,2028.99
6,AoSoA-4,16,2.117056,2028.74
6,AoSoA-4,17,2.122624,2023.42
6,AoSoA-4,18,2.118976,2026.90
6,AoSoA-4,19,2.113888,2031.78
6,AoSoA-4,20,2.119328,2026.57
6,AoSoA-4,21,2.118080,2027.76
6,AoSoA-4,22,2.116032,2029.73
6,AoSoA-4,23,2.122048,2023.97
6,AoSoA-4,24,2.117824,2028.01
6,AoSoA-4,25,2.114976,2030.74
6,AoSoA-4,26,2.118432,2027.43
6,AoSoA-4,27,2.117888,2027.95
6,AoSoA-4,28,2.115136,2030.58
6,AoSoA-4,29,2.115872,2029.88
6,AoSoA-4,30,2.118688,2027.18
6,AoSoA-4,31,2.119200,2026.69
6,AoSoA-4,32,2.118080,2027.76
6,AoSoA-4,33,2.120192,2025.74
6,AoSoA-4,34,2.119136,2026.75
6,AoSoA-4,35,2.120416,2025.53
6,AoSoA-4,36,2.117632,2028.19
6,AoSoA-4,37,2.120192,2025.74
6,AoSoA-4,38,2.117504,2028.31
6,AoSoA-4,39,2.117408,2028.41
6,AoSoA-4,40,2.116032,2029.73
6,AoSoA-4,41,2.117792,2028.04
6,AoSoA-4,42,2.117152,2028.65
6,AoSoA-4,43,2.117856,2027.98
6,AoSoA-4,44,2.116800,2028.99
6,AoSoA-4,45,2.119872,2026.05
6,AoSoA-4,46,2.120064,2025.86
6,AoSoA-4,47,2.118016,2027.82
6,AoSoA-4,48,2.116960,2028.84
6,AoSoA-4,49,2.117312,2028.50
6,AoSoA-4,50,2.117600,2028.22
6,AoSoA-4,51,2.116160,2029.60
6,AoSoA-4,52,2.114624,2031.08
6,AoSoA-4,53,2.117056,2028.74
6,AoSoA-4,54,2.114752,2030.95
6,AoSoA-4,55,2.120064,2025.86
6,AoSoA-4,56,2.118272,2027.58
6,AoSoA-4,57,2.121184,2024.80
6,AoSoA-4,58,2.118912,2026.97
6,AoSoA-4,59,2.118720,2027.15
6,AoSoA-4,60,2.117216,2028.59
6,AoSoA-4,61,2.119552,2026.35
6,AoSoA-4,62,2.117984,2027.85
6,AoSoA-4,63,2.118112,2027.73
6,AoSoA-4,64,2.116384,2029.39
6,AoSoA-4,65,2.117888,2027.95
6,AoSoA-4,66,2.119072,2026.81
6,AoSoA-4,67,2.118240,2027.61
6,AoSoA-4,68,2.116800,2028.99
6,AoSoA-4,69,2.119584,2026.32
6,AoSoA-4,70,2.116608,2029.17
6,AoSoA-4,71,2.117664,2028.16
6,AoSoA-4,72,2.118496,2027.36
6,AoSoA-4,73,2.119488,2026.42
6,AoSoA-4,74,2.115904,2029.85
6,AoSoA-4,75,2.117920,2027.92
6,AoSoA-4,76,2.118816,2027.06
6,AoSoA-4,77,2.118016,2027.82
6,AoSoA-4,78,2.118560,2027.30
6,AoSoA-4,79,2.118432,2027.43
6,AoSoA-4,80,2.116704,2029.08
6,AoSoA-4,81,2.117824,2028.01
6,AoSoA-4,82,2.117376,2028.44
6,AoSoA-4,83,2.115360,2030.37
6,AoSoA-4,84,2.117600,2028.22
6,AoSoA-4,85,2.118304,2027.55
6,AoSoA-4,86,2.117376,2028.44
6,AoSoA-4,87,2.116768,2029.02
6,AoSoA-4,88,2.117600,2028.22
6,AoSoA-4,89,2.118720,2027.15
6,AoSoA-4,90,2.117920,2027.92
6,AoSoA-4,91,2.120544,2025.41
6,AoSoA-4,92,2.115840,2029.91
6,AoSoA-4,93,2.119136,2026.75
6,AoSoA-4,94,2.118016,2027.82
6,AoSoA-4,95,2.118208,2027.64
6,AoSoA-4,96,2.117088,2028.71
6,AoSoA-4,97,2.117312,2028.50
6,AoSoA-4,98,2.117600,2028.22
6,AoSoA-4,99,2.117184,2028.62
6,AoSoA-8,0,1.570880,2734.11
6,AoSoA-8,1,1.569024,2737.35
6,AoSoA-8,2,1.568192,2738.80
6,AoSoA-8,3,1.571776,2732.55
6,AoSoA-8,4,1.568064,2739.02
6,AoSoA-8,5,1.570400,2734.95
6,AoSoA-8,6,1.569056,2737.29
6,AoSoA-8,7,1.566528,2741.71
6,AoSoA-8,8,1.571008,2733.89
6,AoSoA-8,9,1.573184,2730.11
6,AoSoA-8,10,1.566592,2741.60
6,AoSoA-8,11,1.567840,2739.41
6,AoSoA-8,12,1.568896,2737.57
6,AoSoA-8,13,1.567680,2739.69
6,AoSoA-8,14,1.566752,2741.32
6,AoSoA-8,15,1.567168,2740.59
6,AoSoA-8,16,1.568352,2738.52
6,AoSoA-8,17,1.569440,2736.62
6,AoSoA-8,18,1.568032,2739.08
6,AoSoA-8,19,1.570624,2734.56
6,AoSoA-8,20,1.571136,2733.67
6,AoSoA-8,21,1.569344,2736.79
6,AoSoA-8,22,1.571008,2733.89
6,AoSoA-8,23,1.565888,2742.83
6,AoSoA-8,24,1.569216,2737.01
6,AoSoA-8,25,1.567072,2740.76
6,AoSoA-8,26,1.566496,2741.76
6,AoSoA-8,27,1.571456,2733.11
6,AoSoA-8,28,1.569216,2737.01
6,AoSoA-8,29,1.570016,2735.62
6,AoSoA-8,30,1.568640,2738.02
6,AoSoA-8,31,1.569088,2737.24
6,AoSoA-8,32,1.570752,2734.34
6,AoSoA-8,33,1.567296,2740.37
6,AoSoA-8,34,1.567552,2739.92
6,AoSoA-8,35,1.566624,2741.54
6,AoSoA-8,36,1.567264,2740.42
6,AoSoA-8,37,1.570912,2734.06
6,AoSoA-8,38,1.569408,2736.68
6,AoSoA-8,39,1.568544,2738.18
6,AoSoA-8,40,1.567360,2740.25
6,AoSoA-8,41,1.569024,2737.35
6,AoSoA-8,42,1.569856,2735.90
6,AoSoA-8,43,1.567904,2739.30
6,AoSoA-8,44,1.568064,2739.02
6,AoSoA-8,45,1.568864,2737.63
6,AoSoA-8,46,1.569088,2737.24
6,AoSoA-8,47,1.567424,2740.14
6,AoSoA-8,48,1.568064,2739.02
6,AoSoA-8,49,1.567488,2740.03
6,AoSoA-8,50,1.567936,2739.25
6,AoSoA-8,51,1.568384,2738.46
6,AoSoA-8,52,1.569312,2736.84
6,AoSoA-8,53,1.567808,2739.47
6,AoSoA-8,54,1.566624,2741.54
6,AoSoA-8,55,1.567264,2740.42
6,AoSoA-8,56,1.566720,2741.37
6,AoSoA-8,57,1.565696,2743.17
6,AoSoA-8,58,1.569248,2736.96
6,AoSoA-8,59,1.566400,2741.93
6,AoSoA-8,60,1.567520,2739.97
6,AoSoA-8,61,1.570464,2734.84
6,AoSoA-8,62,1.568160,2738.86
6,AoSoA-8,63,1.570016,2735.62
6,AoSoA-8,64,1.570336,2735.06
6,AoSoA-8,65,1.570112,2735.45
6,AoSoA-8,66,1.568160,2738.86
6,AoSoA-8,67,1.567520,2739.97
6,AoSoA-8,68,1.568544,2738.18
6,AoSoA-8,69,1.568992,2737.40
6,AoSoA-8,70,1.569952,2735.73
6,AoSoA-8,71,1.568352,2738.52
6,AoSoA-8,72,1.567296,2740.37
6,AoSoA-8,73,1.567904,2739.30
6,AoSoA-8,74,1.568288,2738.63
6,AoSoA-8,75,1.568576,2738.13
6,AoSoA-8,76,1.570112,2735.45
6,AoSoA-8,77,1.571840,2732.44
6,AoSoA-8,78,1.566912,2741.04
6,AoSoA-8,79,1.570560,2734.67
6,AoSoA-8,80,1.566400,2741.93
6,AoSoA-8,81,1.568640,2738.02
6,AoSoA-8,82,1.563968,2746.20
6,AoSoA-8,83,1.568416,2738.41
6,AoSoA-8,84,1.568800,2737.74
6,AoSoA-8,85,1.568096,2738.97
6,AoSoA-8,86,1.568352,2738.52
6,AoSoA-8,87,1.566464,2741.82
6,AoSoA-8,88,1.566112,2742.44
6,AoSoA-8,89,1.571584,2732.89
6,AoSoA-8,90,1.569696,2736.18
6,AoSoA-8,91,1.568864,2737.63
6,AoSoA-8,92,1.567232,2740.48
6,AoSoA-8,93,1.568864,2737.63
6,AoSoA-8,94,1.570944,2734.00
6,AoSoA-8,95,1.568864,2737.63
6,AoSoA-8,96,1.569632,2736.29
6,AoSoA-8,97,1.570144,2735.39
6,AoSoA-8,98,1.571040,2733.83
6,AoSoA-8,99,1.570112,2735.45
6,AoSoA-16,0,1.266976,3389.93
6,AoSoA-16,1,1.264064,3397.74
6,AoSoA-16,2,1.263552,3399.12
6,AoSoA-16,3,1.261824,3403.77
6,AoSoA-16,4,1.263392,3399.55
6,AoSoA-16,5,1.262656,3401.53
6,AoSoA-16,6,1.261696,3404.12
6,AoSoA-16,7,1.266368,3391.56
6,AoSoA-16,8,1.263488,3399.29
6,AoSoA-16,9,1.264640,3396.19
6,AoSoA-16,10,1.264480,3396.62
6,AoSoA-16,11,1.261792,3403.86
6,AoSoA-16,12,1.263392,3399.55
6,AoSoA-16,13,1.263392,3399.55
6,AoSoA-16,14,1.264672,3396.11
6,AoSoA-16,15,1.263616,3398.95
6,AoSoA-16,16,1.263328,3399.72
6,AoSoA-16,17,1.264224,3397.31
6,AoSoA-16,18,1.264608,3396.28
6,AoSoA-16,19,1.264096,3397.66
6,AoSoA-16,20,1.262368,3402.31
6,AoSoA-16,21,1.263776,3398.52
6,AoSoA-16,22,1.264480,3396.62
6,AoSoA-16,23,1.263712,3398.69
6,AoSoA-16,24,1.263456,3399.38
6,AoSoA-16,25,1.264000,3397.91
6,AoSoA-16,26,1.262144,3402.91
6,AoSoA-16,27,1.261952,3403.43
6,AoSoA-16,28,1.262944,3400.76
6,AoSoA-16,29,1.262272,3402.57
6,AoSoA-16,30,1.262560,3401.79
6,AoSoA-16,31,1.263584,3399.03
6,AoSoA-16,32,1.263840,3398.34
6,AoSoA-16,33,1.263616,3398.95
6,AoSoA-16,34,1.262144,3402.91
6,AoSoA-16,35,1.263360,3399.64
6,AoSoA-16,36,1.262592,3401.70
6,AoSoA-16,37,1.263936,3398.09
6,AoSoA-16,38,1.264704,3396.02
6,AoSoA-16,39,1.264160,3397.48
6,AoSoA-16,40,1.263520,3399.20
6,AoSoA-16,41,1.263904,3398.17
6,AoSoA-16,42,1.262912,3400.84
6,AoSoA-16,43,1.262784,3401.19
6,AoSoA-16,44,1.263424,3399.46
6,AoSoA-16,45,1.263520,3399.20
6,AoSoA-16,46,1.264768,3395.85
6,AoSoA-16,47,1.263936,3398.09
6,AoSoA-16,48,1.263136,3400.24
6,AoSoA-16,49,1.262752,3401.27
6,AoSoA-16,50,1.263776,3398.52
6,AoSoA-16,51,1.262592,3401.70
6,AoSoA-16,52,1.264064,3397.74
6,AoSoA-16,53,1.262784,3401.19
6,AoSoA-16,54,1.264480,3396.62
6,AoSoA-16,55,1.263648,3398.86
6,AoSoA-16,56,1.263680,3398.77
6,AoSoA-16,57,1.261312,3405.16
6,AoSoA-16,58,1.262752,3401.27
6,AoSoA-16,59,1.262624,3401.62
6,AoSoA-16,60,1.264128,3397.57
6,AoSoA-16,61,1.264256,3397.23
6,AoSoA-16,62,1.265248,3394.56
6,AoSoA-16,63,1.263968,3398.00
6,AoSoA-16,64,1.262720,3401.36
6,AoSoA-16,65,1.263136,3400.24
6,AoSoA-16,66,1.263200,3400.07
6,AoSoA-16,67,1.262752,3401.27
6,AoSoA-16,68,1.262784,3401.19
6,AoSoA-16,69,1.263008,3400.58
6,AoSoA-16,70,1.264896,3395.51
6,AoSoA-16,71,1.263136,3400.24
6,AoSoA-16,72,1.263936,3398.09
6,AoSoA-16,73,1.263552,3399.12
6,AoSoA-16,74,1.263296,3399.81
6,AoSoA-16,75,1.263072,3400.41
6,AoSoA-16,76,1.263648,3398.86
6,AoSoA-16,77,1.263616,3398.95
6,AoSoA-16,78,1.265216,3394.65
6,AoSoA-16,79,1.264640,3396.19
6,AoSoA-16,80,1.263840,3398.34
6,AoSoA-16,81,1.262784,3401.19
6,AoSoA-16,82,1.263840,3398.34
6,AoSoA-16,83,1.264032,3397.83
6,AoSoA-16,84,1.263936,3398.09
6,AoSoA-16,85,1.263328,3399.72
6,AoSoA-16,86,1.264640,3396.19
6,AoSoA-16,87,1.263904,3398.17
6,AoSoA-16,88,1.264384,3396.88
6,AoSoA-16,89,1.262624,3401.62
6,AoSoA-16,90,1.263328,3399.72
6,AoSoA-16,91,1.262208,3402.74
6,AoSoA-16,92,1.265888,3392.85
6,AoSoA-16,93,1.264896,3395.51
6,AoSoA-16,94,1.264544,3396.45
6,AoSoA-16,95,1.264928,3395.42
6,AoSoA-16,96,1.263584,3399.03
6,AoSoA-16,97,1.262112,3403.00
6,AoSoA-16,98,1.263840,3398.34
6,AoSoA-16,99,1.263872,3398.26
6,AoSoA-32,0,1.230048,3491.70
6,AoSoA-32,1,1.229888,3492.16
6,AoSoA-32,2,1.229408,3493.52
6,AoSoA-32,3,1.225088,3505.84
6,AoSoA-32,4,1.228832,3495.16
6,AoSoA-32,5,1.226688,3501.27
6,AoSoA-32,6,1.226432,3502.00
6,AoSoA-32,7,1.225120,3505.75
6,AoSoA-32,8,1.230240,3491.16
6,AoSoA-32,9,1.226944,3500.54
6,AoSoA-32,10,1.228320,3496.62
6,AoSoA-32,11,1.227552,3498.80
6,AoSoA-32,12,1.226688,3501.27
6,AoSoA-32,13,1.228320,3496.62
6,AoSoA-32,14,1.227680,3498.44
6,AoSoA-32,15,1.227328,3499.44
6,AoSoA-32,16,1.228320,3496.62
6,AoSoA-32,17,1.226848,3500.81
6,AoSoA-32,18,1.226464,3501.91
6,AoSoA-32,19,1.226816,3500.90
6,AoSoA-32,20,1.227360,3499.35
6,AoSoA-32,21,1.228352,3496.52
6,AoSoA-32,22,1.228640,3495.71
6,AoSoA-32,23,1.229760,3492.52
6,AoSoA-32,24,1.229344,3493.70
6,AoSoA-32,25,1.227776,3498.16
6,AoSoA-32,26,1.227968,3497.62
6,AoSoA-32,27,1.229856,3492.25
6,AoSoA-32,28,1.226656,3501.36
6,AoSoA-32,29,1.230176,3491.34
6,AoSoA-32,30,1.228512,3496.07
6,AoSoA-32,31,1.230624,3490.07
6,AoSoA-32,32,1.228512,3496.07
6,AoSoA-32,33,1.224352,3507.95
6,AoSoA-32,34,1.228864,3495.07
6,AoSoA-32,35,1.230080,3491.61
6,AoSoA-32,36,1.227360,3499.35
6,AoSoA-32,37,1.227904,3497.80
6,AoSoA-32,38,1.228448,3496.25
6,AoSoA-32,39,1.227104,3500.08
6,AoSoA-32,40,1.229952,3491.98
6,AoSoA-32,41,1.229056,3494.52
6,AoSoA-32,42,1.228608,3495.80
6,AoSoA-32,43,1.226560,3501.63
6,AoSoA-32,44,1.228064,3497.34
6,AoSoA-32,45,1.228480,3496.16
6,AoSoA-32,46,1.227200,3499.81
6,AoSoA-32,47,1.226816,3500.90
6,AoSoA-32,48,1.228576,3495.89
6,AoSoA-32,49,1.227712,3498.35
6,AoSoA-32,50,1.228512,3496.07
6,AoSoA-32,51,1.228480,3496.16
6,AoSoA-32,52,1.226496,3501.82
6,AoSoA-32,53,1.225344,3505.11
6,AoSoA-32,54,1.227904,3497.80
6,AoSoA-32,55,1.228224,3496.89
6,AoSoA-32,56,1.230240,3491.16
6,AoSoA-32,57,1.230208,3491.25
6,AoSoA-32,58,1.228352,3496.52
6,AoSoA-32,59,1.228416,3496.34
6,AoSoA-32,60,1.228064,3497.34
6,AoSoA-32,61,1.227616,3498.62
6,AoSoA-32,62,1.231712,3486.99
6,AoSoA-32,63,1.227104,3500.08
6,AoSoA-32,64,1.230912,3489.25
6,AoSoA-32,65,1.228960,3494.79
6,AoSoA-32,66,1.229568,3493.07
6,AoSoA-32,67,1.225632,3504.28
6,AoSoA-32,68,1.229536,3493.16
6,AoSoA-32,69,1.226528,3501.72
6,AoSoA-32,70,1.228448,3496.25
6,AoSoA-32,71,1.227648,3498.53
6,AoSoA-32,72,1.228384,3496.43
6,AoSoA-32,73,1.228640,3495.71
6,AoSoA-32,74,1.227040,3500.26
6,AoSoA-32,75,1.229856,3492.25
6,AoSoA-32,76,1.226144,3502.82
6,AoSoA-32,77,1.229248,3493.98
6,AoSoA-32,78,1.228256,3496.80
6,AoSoA-32,79,1.228192,3496.98
6,AoSoA-32,80,1.226976,3500.45
6,AoSoA-32,81,1.228384,3496.43
6,AoSoA-32,82,1.230112,3491.52
6,AoSoA-32,83,1.227968,3497.62
6,AoSoA-32,84,1.227488,3498.99
6,AoSoA-32,85,1.229120,3494.34
6,AoSoA-32,86,1.226944,3500.54
6,AoSoA-32,87,1.228128,3497.16
6,AoSoA-32,88,1.227936,3497.71
6,AoSoA-32,89,1.228672,3495.61
6,AoSoA-32,90,1.227136,3499.99
6,AoSoA-32,91,1.227456,3499.08
6,AoSoA-32,92,1.229760,3492.52
6,AoSoA-32,93,1.228384,3496.43
6,AoSoA-32,94,1.227072,3500.17
6,AoSoA-32,95,1.228992,3494.70
6,AoSoA-32,96,1.229088,3494.43
6,AoSoA-32,97,1.228992,3494.70
6,AoSoA-32,98,1.228672,3495.61
6,AoSoA-32,99,1.229920,3492.07
6,AoSoA-64,0,1.217504,3527.68
6,AoSoA-64,1,1.214368,3536.79
6,AoSoA-64,2,1.215680,3532.97
6,AoSoA-64,3,1.216544,3530.46
6,AoSoA-64,4,1.213312,3539.87
6,AoSoA-64,5,1.215168,3534.46
6,AoSoA-64,6,1.214592,3536.14
6,AoSoA-64,7,1.214656,3535.95
6,AoSoA-64,8,1.213568,3539.12
6,AoSoA-64,9,1.213440,3539.49
6,AoSoA-64,10,1.214144,3537.44
6,AoSoA-64,11,1.214656,3535.95
6,AoSoA-64,12,1.213472,3539.40
6,AoSoA-64,13,1.212800,3541.36
6,AoSoA-64,14,1.214176,3537.35
6,AoSoA-64,15,1.216896,3529.44
6,AoSoA-64,16,1.213792,3538.47
6,AoSoA-64,17,1.213152,3540.33
6,AoSoA-64,18,1.214240,3537.16
6,AoSoA-64,19,1.215520,3533.44
6,AoSoA-64,20,1.214592,3536.14
6,AoSoA-64,21,1.213184,3540.24
6,AoSoA-64,22,1.216224,3531.39
6,AoSoA-64,23,1.213344,3539.77
6,AoSoA-64,24,1.215008,3534.93
6,AoSoA-64,25,1.214400,3536.70
6,AoSoA-64,26,1.215168,3534.46
6,AoSoA-64,27,1.213920,3538.09
6,AoSoA-64,28,1.214112,3537.53
6,AoSoA-64,29,1.212864,3541.17
6,AoSoA-64,30,1.215264,3534.18
6,AoSoA-64,31,1.213024,3540.71
6,AoSoA-64,32,1.216736,3529.91
6,AoSoA-64,33,1.215072,3534.74
6,AoSoA-64,34,1.215296,3534.09
6,AoSoA-64,35,1.214720,3535.76
6,AoSoA-64,36,1.214656,3535.95
6,AoSoA-64,37,1.213664,3538.84
6,AoSoA-64,38,1.214592,3536.14
6,AoSoA-64,39,1.214176,3537.35
6,AoSoA-64,40,1.216096,3531.76
6,AoSoA-64,41,1.214368,3536.79
6,AoSoA-64,42,1.213760,3538.56
6,AoSoA-64,43,1.213216,3540.15
6,AoSoA-64,44,1.214848,3535.39
6,AoSoA-64,45,1.215552,3533.34
6,AoSoA-64,46,1.214368,3536.79
6,AoSoA-64,47,1.213568,3539.12
6,AoSoA-64,48,1.212640,3541.83
6,AoSoA-64,49,1.212800,3541.36
6,AoSoA-64,50,1.212320,3542.76
6,AoSoA-64,51,1.214048,3537.72
6,AoSoA-64,52,1.213632,3538.93
6,AoSoA-64,53,1.214176,3537.35
6,AoSoA-64,54,1.214944,3535.11
6,AoSoA-64,55,1.213888,3538.19
6,AoSoA-64,56,1.215808,3532.60
6,AoSoA-64,57,1.215040,3534.83
6,AoSoA-64,58,1.213344,3539.77
6,AoSoA-64,59,1.214592,3536.14
6,AoSoA-64,60,1.211168,3546.13
6,AoSoA-64,61,1.212832,3541.27
6,AoSoA-64,62,1.213856,3538.28
6,AoSoA-64,63,1.213440,3539.49
6,AoSoA-64,64,1.214880,3535.30
6,AoSoA-64,65,1.214208,3537.25
6,AoSoA-64,66,1.215968,3532.14
6,AoSoA-64,67,1.213536,3539.21
6,AoSoA-64,68,1.212864,3541.17
6,AoSoA-64,69,1.212192,3543.14
6,AoSoA-64,70,1.213792,3538.47
6,AoSoA-64,71,1.214624,3536.04
6,AoSoA-64,72,1.212800,3541.36
6,AoSoA-64,73,1.216192,3531.48
6,AoSoA-64,74,1.213472,3539.40
6,AoSoA-64,75,1.217184,3528.61
6,AoSoA-64,76,1.214816,3535.48
6,AoSoA-64,77,1.215264,3534.18
6,AoSoA-64,78,1.213728,3538.65
6,AoSoA-64,79,1.214496,3536.42
6,AoSoA-64,80,1.215008,3534.93
6,AoSoA-64,81,1.215168,3534.46
6,AoSoA-64,82,1.213600,3539.03
6,AoSoA-64,83,1.213440,3539.49
6,AoSoA-64,84,1.211776,3544.35
6,AoSoA-64,85,1.213344,3539.77
6,AoSoA-64,86,1.215072,3534.74
6,AoSoA-64,87,1.214496,3536.42
6,AoSoA-64,88,1.216288,3531.21
6,AoSoA-64,89,1.214816,3535.48
6,AoSoA-64,90,1.216480,3530.65
6,AoSoA-64,91,1.213376,3539.68
6,AoSoA-64,92,1.214016,3537.81
6,AoSoA-64,93,1.213568,3539.12
6,AoSoA-64,94,1.215552,3533.34
6,AoSoA-64,95,1.214848,3535.39
6,AoSoA-64,96,1.215136,3534.55
6,AoSoA-64,97,1.212608,3541.92
6,AoSoA-64,98,1.214272,3537.07
6,AoSoA-64,99,1.213568,3539.12
9,AoS,0,4.455872,963.89
9,AoS,1,4.455040,964.07
9,AoS,2,4.453920,964.31
9,AoS,3,4.458848,963.24
9,AoS,4,4.454464,964.19
9,AoS,5,4.440384,967.25
9,AoS,6,4.451648,964.80
9,AoS,7,4.453824,964.33
9,AoS,8,4.459776,963.04
9,AoS,9,4.449728,965.22
9,AoS,10,4.451360,964.86
9,AoS,11,4.448736,965.43
9,AoS,12,4.453984,964.30
9,AoS,13,4.456832,963.68
9,AoS,14,4.457504,963.53
9,AoS,15,4.448320,965.52
9,AoS,16,4.440896,967.14
9,AoS,17,4.444320,966.39
9,AoS,18,4.444512,966.35
9,AoS,19,4.454688,964.14
9,AoS,20,4.447104,965.79
9,AoS,21,4.452640,964.59
9,AoS,22,4.453184,964.47
9,AoS,23,4.443936,966.48
9,AoS,24,4.451200,964.90
9,AoS,25,4.445856,966.06
9,AoS,26,4.452224,964.68
9,AoS,27,4.455680,963.93
9,AoS,28,4.450656,965.02
9,AoS,29,4.450400,965.07
9,AoS,30,4.452128,964.70
9,AoS,31,4.447456,965.71
9,AoS,32,4.452224,964.68
9,AoS,33,4.449344,965.30
9,AoS,34,4.453472,964.41
9,AoS,35,4.456992,963.65
9,AoS,36,4.454080,964.28
9,AoS,37,4.449536,965.26
9,AoS,38,4.458528,963.31
9,AoS,39,4.457728,963.49
9,AoS,40,4.452288,964.66
9,AoS,41,4.452960,964.52
9,AoS,42,4.452832,964.55
9,AoS,43,4.451872,964.75
9,AoS,44,4.450912,964.96
9,AoS,45,4.444416,966.37
9,AoS,46,4.458944,963.22
9,AoS,47,4.453728,964.35
9,AoS,48,4.446784,965.86
9,AoS,49,4.447712,965.66
9,AoS,50,4.454656,964.15
9,AoS,51,4.451968,964.73
9,AoS,52,4.447040,965.80
9,AoS,53,4.450208,965.11
9,AoS,54,4.445120,966.22
9,AoS,55,4.456512,963.75
9,AoS,56,4.457824,963.47
9,AoS,57,4.445728,966.09
9,AoS,58,4.452352,964.65
9,AoS,59,4.445280,966.18
9,AoS,60,4.452352,964.65
9,AoS,61,4.455584,963.95
9,AoS,62,4.452480,964.62
9,AoS,63,4.457696,963.49
9,AoS,64,4.452128,964.70
9,AoS,65,4.440192,967.29
9,AoS,66,4.443712,966.53
9,AoS,67,4.451488,964.84
9,AoS,68,4.447520,965.70
9,AoS,69,4.449120,965.35
9,AoS,70,4.447680,965.66
9,AoS,71,4.441632,966.98
9,AoS,72,4.441152,967.08
9,AoS,73,4.450336,965.09
9,AoS,74,4.455264,964.02
9,AoS,75,4.457184,963.60
9,AoS,76,4.445696,966.09
9,AoS,77,4.453504,964.40
9,AoS,78,4.456448,963.76
9,AoS,79,4.443680,966.53
9,AoS,80,4.446624,965.89
9,AoS,81,4.441504,967.01
9,AoS,82,4.445600,966.11
9,AoS,83,4.450464,965.06
9,AoS,84,4.449664,965.23
9,AoS,85,4.448800,965.42
9,AoS,86,4.454368,964.21
9,AoS,87,4.451072,964.93
9,AoS,88,4.458688,963.28
9,AoS,89,4.448416,965.50
9,AoS,90,4.445664,966.10
9,AoS,91,4.450272,965.10
9,AoS,92,4.448736,965.43
9,AoS,93,4.451136,964.91
9,AoS,94,4.448576,965.47
9,AoS,95,4.449920,965.18
9,AoS,96,4.443200,966.64
9,AoS,97,4.449600,965.25
9,AoS,98,4.440672,967.19
9,AoS,99,4.458400,963.34
9,SoA,0,1.239904,3463.95
9,SoA,1,1.238944,3466.63
9,SoA,2,1.239744,3464.39
9,SoA,3,1.238400,3468.15
9,SoA,4,1.240768,3461.53
9,SoA,5,1.238464,3467.97
9,SoA,6,1.237728,3470.04
9,SoA,7,1.239776,3464.30
9,SoA,8,1.238240,3468.60
9,SoA,9,1.236320,3473.99
9,SoA,10,1.236896,3472.37
9,SoA,11,1.236448,3473.63
9,SoA,12,1.239680,3464.57
9,SoA,13,1.238976,3466.54
9,SoA,14,1.238560,3467.70
9,SoA,15,1.236704,3472.91
9,SoA,16,1.235968,3474.98
9,SoA,17,1.240384,3462.61
9,SoA,18,1.237152,3471.65
9,SoA,19,1.239584,3464.84
9,SoA,20,1.238144,3468.87
9,SoA,21,1.237952,3469.41
9,SoA,22,1.237184,3471.56
9,SoA,23,1.238528,3467.79
9,SoA,24,1.235680,3475.79
9,SoA,25,1.239936,3463.86
9,SoA,26,1.236704,3472.91
9,SoA,27,1.238336,3468.33
9,SoA,28,1.238240,3468.60
9,SoA,29,1.240096,3463.41
9,SoA,30,1.238400,3468.15
9,SoA,31,1.236448,3473.63
9,SoA,32,1.240064,3463.50
9,SoA,33,1.234848,3478.13
9,SoA,34,1.238496,3467.88
9,SoA,35,1.238816,3466.99
9,SoA,36,1.237440,3470.84
9,SoA,37,1.239072,3466.27
9,SoA,38,1.235936,3475.07
9,SoA,39,1.238432,3468.06
9,SoA,40,1.238688,3467.35
9,SoA,41,1.239232,3465.82
9,SoA,42,1.239552,3464.93
9,SoA,43,1.237120,3471.74
9,SoA,44,1.237056,3471.92
9,SoA,45,1.239520,3465.02
9,SoA,46,1.239424,3465.29
9,SoA,47,1.238752,3467.17
9,SoA,48,1.237280,3471.29
9,SoA,49,1.237152,3471.65
9,SoA,50,1.238112,3468.96
9,SoA,51,1.238144,3468.87
9,SoA,52,1.239872,3464.04
9,SoA,53,1.237536,3470.57
9,SoA,54,1.239456,3465.20
9,SoA,55,1.237312,3471.20
9,SoA,56,1.236256,3474.17
9,SoA,57,1.238976,3466.54
9,SoA,58,1.238176,3468.78
9,SoA,59,1.238656,3467.44
9,SoA,60,1.238208,3468.69
9,SoA,61,1.233824,3481.02
9,SoA,62,1.239744,3464.39
9,SoA,63,1.236448,3473.63
9,SoA,64,1.238656,3467.44
9,SoA,65,1.236096,3474.62
9,SoA,66,1.239328,3465.56
9,SoA,67,1.240608,3461.98
9,SoA,68,1.240128,3463.32
9,SoA,69,1.239680,3464.57
9,SoA,70,1.239232,3465.82
9,SoA,71,1.239616,3464.75
9,SoA,72,1.239072,3466.27
9,SoA,73,1.236800,3472.64
9,SoA,74,1.237184,3471.56
9,SoA,75,1.239392,3465.38
9,SoA,76,1.239520,3465.02
9,SoA,77,1.240448,3462.43
9,SoA,78,1.239808,3464.21
9,SoA,79,1.238400,3468.15
9,SoA,80,1.239808,3464.21
9,SoA,81,1.238432,3468.06
9,SoA,82,1.238048,3469.14
9,SoA,83,1.238912,3466.72
9,SoA,84,1.239168,3466.00
9,SoA,85,1.240960,3461.00
9,SoA,86,1.236864,3472.46
9,SoA,87,1.238976,3466.54
9,SoA,88,1.237632,3470.30
9,SoA,89,1.238048,3469.14
9,SoA,90,1.236736,3472.82
9,SoA,91,1.239296,3465.65
9,SoA,92,1.238240,3468.60
9,SoA,93,1.237600,3470.39
9,SoA,94,1.238048,3469.14
9,SoA,95,1.239648,3464.66
9,SoA,96,1.238240,3468.60
9,SoA,97,1.238016,3469.23
9,SoA,98,1.238912,3466.72
9,SoA,99,1.235616,3475.97
9,AoSoA-2,0,4.825920,889.98
9,AoSoA-2,1,4.821536,890.79
9,AoSoA-2,2,4.820128,891.05
9,AoSoA-2,3,4.829536,889.31
9,AoSoA-2,4,4.828096,889.58
9,AoSoA-2,5,4.842880,886.86
9,AoSoA-2,6,4.820672,890.95
9,AoSoA-2,7,4.831488,888.95
9,AoSoA-2,8,4.829152,889.38
9,AoSoA-2,9,4.825248,890.10
9,AoSoA-2,10,4.822016,890.70
9,AoSoA-2,11,4.828704,889.46
9,AoSoA-2,12,4.828384,889.52
9,AoSoA-2,13,4.826304,889.91
9,AoSoA-2,14,4.834848,888.33
9,AoSoA-2,15,4.830784,889.08
9,AoSoA-2,16,4.821184,890.85
9,AoSoA-2,17,4.832736,888.72
9,AoSoA-2,18,4.834176,888.46
9,AoSoA-2,19,4.832768,888.72
9,AoSoA-2,20,4.829152,889.38
9,AoSoA-2,21,4.818496,891.35
9,AoSoA-2,22,4.832256,888.81
9,AoSoA-2,23,4.826688,889.84
9,AoSoA-2,24,4.824480,890.24
9,AoSoA-2,25,4.825152,890.12
9,AoSoA-2,26,4.829344,889.35
9,AoSoA-2,27,4.822400,890.63
9,AoSoA-2,28,4.824192,890.30
9,AoSoA-2,29,4.831968,888.86
9,AoSoA-2,30,4.831584,888.93
9,AoSoA-2,31,4.821056,890.88
9,AoSoA-2,32,4.831520,888.95
9,AoSoA-2,33,4.818272,891.39
9,AoSoA-2,34,4.827264,889.73
9,AoSoA-2,35,4.830368,889.16
9,AoSoA-2,36,4.835776,888.16
9,AoSoA-2,37,4.818880,891.28
9,AoSoA-2,38,4.830912,889.06
9,AoSoA-2,39,4.835264,888.26
9,AoSoA-2,40,4.819904,891.09
9,AoSoA-2,41,4.829440,889.33
9,AoSoA-2,42,4.829216,889.37
9,AoSoA-2,43,4.828544,889.49
9,AoSoA-2,44,4.833312,888.62
9,AoSoA-2,45,4.827040,889.77
9,AoSoA-2,46,4.807680,893.35
9,AoSoA-2,47,4.831360,888.98
9,AoSoA-2,48,4.830688,889.10
9,AoSoA-2,49,4.833120,888.65
9,AoSoA-2,50,4.812736,892.42
9,AoSoA-2,51,4.831584,888.93
9,AoSoA-2,52,4.823520,890.42
9,AoSoA-2,53,4.830208,889.19
9,AoSoA-2,54,4.837472,887.85
9,AoSoA-2,55,4.828576,889.49
9,AoSoA-2,56,4.816832,891.66
9,AoSoA-2,57,4.825728,890.01
9,AoSoA-2,58,4.822272,890.65
9,AoSoA-2,59,4.821568,890.78
9,AoSoA-2,60,4.822912,890.53
9,AoSoA-2,61,4.828512,889.50
9,AoSoA-2,62,4.823424,890.44
9,AoSoA-2,63,4.830816,889.08
9,AoSoA-2,64,4.835776,888.16
9,AoSoA-2,65,4.832480,888.77
9,AoSoA-2,66,4.830048,889.22
9,AoSoA-2,67,4.828896,889.43
9,AoSoA-2,68,4.824672,890.21
9,AoSoA-2,69,4.824224,890.29
9,AoSoA-2,70,4.832192,888.82
9,AoSoA-2,71,4.823328,890.46
9,AoSoA-2,72,4.824864,890.17
9,AoSoA-2,73,4.836672,888.00
9,AoSoA-2,74,4.823872,890.36
9,AoSoA-2,75,4.826112,889.94
9,AoSoA-2,76,4.830752,889.09
9,AoSoA-2,77,4.820768,890.93
9,AoSoA-2,78,4.828608,889.48
9,AoSoA-2,79,4.838944,887.58
9,AoSoA-2,80,4.823776,890.37
9,AoSoA-2,81,4.833024,888.67
9,AoSoA-2,82,4.828480,889.51
9,AoSoA-2,83,4.830528,889.13
9,AoSoA-2,84,4.831456,888.96
9,AoSoA-2,85,4.832544,888.76
9,AoSoA-2,86,4.828960,889.42
9,AoSoA-2,87,4.829184,889.38
9,AoSoA-2,88,4.825344,890.08
9,AoSoA-2,89,4.835008,888.30
9,AoSoA-2,90,4.831744,888.90
9,AoSoA-2,91,4.827808,889.63
9,AoSoA-2,92,4.829920,889.24
9,AoSoA-2,93,4.822688,890.57
9,AoSoA-2,94,4.826848,889.81
9,AoSoA-2,95,4.830144,889.20
9,AoSoA-2,96,4.832384,888.79
9,AoSoA-2,97,4.836160,888.09
9,AoSoA-2,98,4.813408,892.29
9,AoSoA-2,99,4.822848,890.54
9,AoSoA-4,0,3.181056,1350.17
9,AoSoA-4,1,3.168768,1355.40
9,AoSoA-4,2,3.155680,1361.03
9,AoSoA-4,3,3.168032,1355.72
9,AoSoA-4,4,3.172224,1353.93
9,AoSoA-4,5,3.172544,1353.79
9,AoSoA-4,6,3.159936,1359.19
9,AoSoA-4,7,3.181184,1350.11
9,AoSoA-4,8,3.161216,1358.64
9,AoSoA-4,9,3.168224,1355.64
9,AoSoA-4,10,3.160832,1358.81
9,AoSoA-4,11,3.170752,1354.56
9,AoSoA-4,12,3.171968,1354.04
9,AoSoA-4,13,3.159808,1359.25
9,AoSoA-4,14,3.163328,1357.73
9,AoSoA-4,15,3.155680,1361.03
9,AoSoA-4,16,3.162912,1357.91
9,AoSoA-4,17,3.167328,1356.02
9,AoSoA-4,18,3.163232,1357.78
9,AoSoA-4,19,3.156384,1360.72
9,AoSoA-4,20,3.165536,1356.79
9,AoSoA-4,21,3.170848,1354.51
9,AoSoA-4,22,3.169248,1355.20
9,AoSoA-4,23,3.166464,1356.39
9,AoSoA-4,24,3.165088,1356.98
9,AoSoA-4,25,3.165376,1356.86
9,AoSoA-4,26,3.176512,1352.10
9,AoSoA-4,27,3.170144,1354.82
9,AoSoA-4,28,3.159648,1359.32
9,AoSoA-4,29,3.163776,1357.54
9,AoSoA-4,30,3.170240,1354.77
9,AoSoA-4,31,3.165312,1356.88
9,AoSoA-4,32,3.163808,1357.53
9,AoSoA-4,33,3.173440,1353.41
9,AoSoA-4,34,3.167616,1355.90
9,AoSoA-4,35,3.160864,1358.79
9,AoSoA-4,36,3.164736,1357.13
9,AoSoA-4,37,3.157760,1360.13
9,AoSoA-4,38,3.162816,1357.95
9,AoSoA-4,39,3.158592,1359.77
9,AoSoA-4,40,3.163968,1357.46
9,AoSoA-4,41,3.175968,1352.33
9,AoSoA-4,42,3.163680,1357.58
9,AoSoA-4,43,3.159584,1359.34
9,AoSoA-4,44,3.174880,1352.79
9,AoSoA-4,45,3.166752,1356.27
9,AoSoA-4,46,3.169664,1355.02
9,AoSoA-4,47,3.152512,1362.39
9,AoSoA-4,48,3.169024,1355.29
9,AoSoA-4,49,3.171840,1354.09
9,AoSoA-4,50,3.167552,1355.92
9,AoSoA-4,51,3.173856,1353.23
9,AoSoA-4,52,3.164928,1357.05
9,AoSoA-4,53,3.171680,1354.16
9,AoSoA-4,54,3.156736,1360.57
9,AoSoA-4,55,3.162560,1358.06
9,AoSoA-4,56,3.171040,1354.43
9,AoSoA-4,57,3.168160,1355.66
9,AoSoA-4,58,3.165984,1356.60
9,AoSoA-4,59,3.173088,1353.56
9,AoSoA-4,60,3.172064,1354.00
9,AoSoA-4,61,3.176864,1351.95
9,AoSoA-4,62,3.169280,1355.18
9,AoSoA-4,63,3.167552,1355.92
9,AoSoA-4,64,3.161952,1358.33
9,AoSoA-4,65,3.175040,1352.73
9,AoSoA-4,66,3.166528,1356.36
9,AoSoA-4,67,3.162880,1357.93
9,AoSoA-4,68,3.176896,1351.94
9,AoSoA-4,69,3.167872,1355.79
9,AoSoA-4,70,3.170880,1354.50
9,AoSoA-4,71,3.176448,1352.13
9,AoSoA-4,72,3.158368,1359.87
9,AoSoA-4,73,3.174816,1352.82
9,AoSoA-4,74,3.164544,1357.21
9,AoSoA-4,75,3.175680,1352.45
9,AoSoA-4,76,3.162528,1358.08
9,AoSoA-4,77,3.170080,1354.84
9,AoSoA-4,78,3.162496,1358.09
9,AoSoA-4,79,3.169856,1354.94
9,AoSoA-4,80,3.170208,1354.79
9,AoSoA-4,81,3.181920,1349.80
9,AoSoA-4,82,3.165632,1356.75
9,AoSoA-4,83,3.170560,1354.64
9,AoSoA-4,84,3.169632,1355.03
9,AoSoA-4,85,3.162016,1358.30
9,AoSoA-4,86,3.175968,1352.33
9,AoSoA-4,87,3.163968,1357.46
9,AoSoA-4,88,3.173120,1353.54
9,AoSoA-4,89,3.171296,1354.32
9,AoSoA-4,90,3.173856,1353.23
9,AoSoA-4,91,3.180768,1350.29
9,AoSoA-4,92,3.170496,1354.67
9,AoSoA-4,93,3.172768,1353.69
9,AoSoA-4,94,3.164416,1357.27
9,AoSoA-4,95,3.164672,1357.16
9,AoSoA-4,96,3.157344,1360.31
9,AoSoA-4,97,3.175808,1352.40
9,AoSoA-4,98,3.164448,1357.25
9,AoSoA-4,99,3.161184,1358.66
9,AoSoA-8,0,1.637408,2623.02
9,AoSoA-8,1,1.634176,2628.21
9,AoSoA-8,2,1.634528,2627.65
9,AoSoA-8,3,1.635424,2626.21
9,AoSoA-8,4,1.638144,2621.85
9,AoSoA-8,5,1.634240,2628.11
9,AoSoA-8,6,1.634848,2627.13
9,AoSoA-8,7,1.634624,2627.49
9,AoSoA-8,8,1.638720,2620.92
9,AoSoA-8,9,1.635584,2625.95
9,AoSoA-8,10,1.634304,2628.01
9,AoSoA-8,11,1.636704,2624.15
9,AoSoA-8,12,1.637696,2622.56
9,AoSoA-8,13,1.636320,2624.77
9,AoSoA-8,14,1.635488,2626.10
9,AoSoA-8,15,1.634080,2628.37
9,AoSoA-8,16,1.636480,2624.51
9,AoSoA-8,17,1.635840,2625.54
9,AoSoA-8,18,1.637248,2623.28
9,AoSoA-8,19,1.635072,2626.77
9,AoSoA-8,20,1.635328,2626.36
9,AoSoA-8,21,1.636416,2624.61
9,AoSoA-8,22,1.637120,2623.49
9,AoSoA-8,23,1.636544,2624.41
9,AoSoA-8,24,1.635936,2625.38
9,AoSoA-8,25,1.636928,2623.79
9,AoSoA-8,26,1.635840,2625.54
9,AoSoA-8,27,1.634784,2627.23
9,AoSoA-8,28,1.636000,2625.28
9,AoSoA-8,29,1.635008,2626.87
9,AoSoA-8,30,1.635936,2625.38
9,AoSoA-8,31,1.636224,2624.92
9,AoSoA-8,32,1.634656,2627.44
9,AoSoA-8,33,1.634400,2627.85
9,AoSoA-8,34,1.636320,2624.77
9,AoSoA-8,35,1.636064,2625.18
9,AoSoA-8,36,1.634080,2628.37
9,AoSoA-8,37,1.635136,2626.67
9,AoSoA-8,38,1.636480,2624.51
9,AoSoA-8,39,1.634080,2628.37
9,AoSoA-8,40,1.635872,2625.49
9,AoSoA-8,41,1.636480,2624.51
9,AoSoA-8,42,1.635872,2625.49
9,AoSoA-8,43,1.635136,2626.67
9,AoSoA-8,44,1.636128,2625.08
9,AoSoA-8,45,1.636992,2623.69
9,AoSoA-8,46,1.633984,2628.52
9,AoSoA-8,47,1.635456,2626.15
9,AoSoA-8,48,1.634560,2627.59
9,AoSoA-8,49,1.636384,2624.67
9,AoSoA-8,50,1.635264,2626.46
9,AoSoA-8,51,1.635712,2625.74
9,AoSoA-8,52,1.637792,2622.41
9,AoSoA-8,53,1.633056,2630.01
9,AoSoA-8,54,1.637088,2623.54
9,AoSoA-8,55,1.633568,2629.19
9,AoSoA-8,56,1.634976,2626.93
9,AoSoA-8,57,1.634272,2628.06
9,AoSoA-8,58,1.633728,2628.93
9,AoSoA-8,59,1.638720,2620.92
9,AoSoA-8,60,1.635584,2625.95
9,AoSoA-8,61,1.636256,2624.87
9,AoSoA-8,62,1.635360,2626.31
9,AoSoA-8,63,1.632704,2630.58
9,AoSoA-8,64,1.635040,2626.82
9,AoSoA-8,65,1.634560,2627.59
9,AoSoA-8,66,1.635744,2625.69
9,AoSoA-8,67,1.636064,2625.18
9,AoSoA-8,68,1.636448,2624.56
9,AoSoA-8,69,1.636032,2625.23
9,AoSoA-8,70,1.635040,2626.82
9,AoSoA-8,71,1.635552,2626.00
9,AoSoA-8,72,1.633760,2628.88
9,AoSoA-8,73,1.636544,2624.41
9,AoSoA-8,74,1.633568,2629.19
9,AoSoA-8,75,1.633664,2629.04
9,AoSoA-8,76,1.634656,2627.44
9,AoSoA-8,77,1.636704,2624.15
9,AoSoA-8,78,1.636032,2625.23
9,AoSoA-8,79,1.636544,2624.41
9,AoSoA-8,80,1.636704,2624.15
9,AoSoA-8,81,1.633952,2628.57
9,AoSoA-8,82,1.636448,2624.56
9,AoSoA-8,83,1.634240,2628.11
9,AoSoA-8,84,1.634656,2627.44
9,AoSoA-8,85,1.636032,2625.23
9,AoSoA-8,86,1.635840,2625.54
9,AoSoA-8,87,1.635168,2626.62
9,AoSoA-8,88,1.635584,2625.95
9,AoSoA-8,89,1.635232,2626.51
9,AoSoA-8,90,1.635040,2626.82
9,AoSoA-8,91,1.636032,2625.23
9,AoSoA-8,92,1.636320,2624.77
9,AoSoA-8,93,1.635136,2626.67
9,AoSoA-8,94,1.635008,2626.87
9,AoSoA-8,95,1.637184,2623.38
9,AoSoA-8,96,1.637056,2623.59
9,AoSoA-8,97,1.634752,2627.29
9,AoSoA-8,98,1.634784,2627.23
9,AoSoA-8,99,1.635808,2625.59
9,AoSoA-16,0,1.281472,3351.58
9,AoSoA-16,1,1.281856,3350.58
9,AoSoA-16,2,1.281632,3351.17
9,AoSoA-16,3,1.281248,3352.17
9,AoSoA-16,4,1.282048,3350.08
9,AoSoA-16,5,1.281184,3352.34
9,AoSoA-16,6,1.279680,3356.28
9,AoSoA-16,7,1.280416,3354.35
9,AoSoA-16,8,1.280640,3353.76
9,AoSoA-16,9,1.281696,3351.00
9,AoSoA-16,10,1.279296,3357.28
9,AoSoA-16,11,1.281088,3352.59
9,AoSoA-16,12,1.282176,3349.74
9,AoSoA-16,13,1.280096,3355.19
9,AoSoA-16,14,1.279744,3356.11
9,AoSoA-16,15,1.279744,3356.11
9,AoSoA-16,16,1.280160,3355.02
9,AoSoA-16,17,1.281280,3352.09
9,AoSoA-16,18,1.285536,3340.99
9,AoSoA-16,19,1.279968,3355.52
9,AoSoA-16,20,1.280352,3354.52
9,AoSoA-16,21,1.279968,3355.52
9,AoSoA-16,22,1.281024,3352.76
9,AoSoA-16,23,1.281312,3352.00
9,AoSoA-16,24,1.280608,3353.84
9,AoSoA-16,25,1.279808,3355.94
9,AoSoA-16,26,1.281888,3350.50
9,AoSoA-16,27,1.280640,3353.76
9,AoSoA-16,28,1.279328,3357.20
9,AoSoA-16,29,1.282016,3350.16
9,AoSoA-16,30,1.280096,3355.19
9,AoSoA-16,31,1.280640,3353.76
9,AoSoA-16,32,1.281248,3352.17
9,AoSoA-16,33,1.280672,3353.68
9,AoSoA-16,34,1.282144,3349.83
9,AoSoA-16,35,1.279808,3355.94
9,AoSoA-16,36,1.281280,3352.09
9,AoSoA-16,37,1.280384,3354.43
9,AoSoA-16,38,1.280192,3354.93
9,AoSoA-16,39,1.281632,3351.17
9,AoSoA-16,40,1.279680,3356.28
9,AoSoA-16,41,1.281120,3352.50
9,AoSoA-16,42,1.280064,3355.27
9,AoSoA-16,43,1.281312,3352.00
9,AoSoA-16,44,1.279936,3355.61
9,AoSoA-16,45,1.281824,3350.66
9,AoSoA-16,46,1.279840,3355.86
9,AoSoA-16,47,1.279168,3357.62
9,AoSoA-16,48,1.280608,3353.84
9,AoSoA-16,49,1.282016,3350.16
9,AoSoA-16,50,1.280000,3355.44
9,AoSoA-16,51,1.280192,3354.93
9,AoSoA-16,52,1.279200,3357.54
9,AoSoA-16,53,1.281120,3352.50
9,AoSoA-16,54,1.280480,3354.18
9,AoSoA-16,55,1.281632,3351.17
9,AoSoA-16,56,1.280576,3353.93
9,AoSoA-16,57,1.279872,3355.77
9,AoSoA-16,58,1.281440,3351.67
9,AoSoA-16,59,1.281536,3351.42
9,AoSoA-16,60,1.280576,3353.93
9,AoSoA-16,61,1.281216,3352.25
9,AoSoA-16,62,1.279648,3356.36
9,AoSoA-16,63,1.282208,3349.66
9,AoSoA-16,64,1.282784,3348.16
9,AoSoA-16,65,1.281504,3351.50
9,AoSoA-16,66,1.281824,3350.66
9,AoSoA-16,67,1.281184,3352.34
9,AoSoA-16,68,1.281664,3351.08
9,AoSoA-16,69,1.279424,3356.95
9,AoSoA-16,70,1.279680,3356.28
9,AoSoA-16,71,1.280736,3353.51
9,AoSoA-16,72,1.280576,3353.93
9,AoSoA-16,73,1.281152,3352.42
9,AoSoA-16,74,1.280000,3355.44
9,AoSoA-16,75,1.280320,3354.60
9,AoSoA-16,76,1.278240,3360.06
9,AoSoA-16,77,1.279200,3357.54
9,AoSoA-16,78,1.280320,3354.60
9,AoSoA-16,79,1.279424,3356.95
9,AoSoA-16,80,1.281088,3352.59
9,AoSoA-16,81,1.282624,3348.57
9,AoSoA-16,82,1.281472,3351.58
9,AoSoA-16,83,1.281632,3351.17
9,AoSoA-16,84,1.281216,3352.25
9,AoSoA-16,85,1.279712,3356.19
9,AoSoA-16,86,1.280832,3353.26
9,AoSoA-16,87,1.280640,3353.76
9,AoSoA-16,88,1.279872,3355.77
9,AoSoA-16,89,1.280992,3352.84
9,AoSoA-16,90,1.281120,3352.50
9,AoSoA-16,91,1.280800,3353.34
9,AoSoA-16,92,1.280640,3353.76
9,AoSoA-16,93,1.281280,3352.09
9,AoSoA-16,94,1.281184,3352.34
9,AoSoA-16,95,1.278912,3358.29
9,AoSoA-16,96,1.281312,3352.00
9,AoSoA-16,97,1.280384,3354.43
9,AoSoA-16,98,1.280544,3354.01
9,AoSoA-16,99,1.280352,3354.52
9,AoSoA-32,0,1.234272,3479.75
9,AoSoA-32,1,1.232928,3483.54
9,AoSoA-32,2,1.234208,3479.93
9,AoSoA-32,3,1.232256,3485.44
9,AoSoA-32,4,1.231872,3486.53
9,AoSoA-32,5,1.233312,3482.46
9,AoSoA-32,6,1.231840,3486.62
9,AoSoA-32,7,1.233504,3481.92
9,AoSoA-32,8,1.233120,3483.00
9,AoSoA-32,9,1.232032,3486.08
9,AoSoA-32,10,1.232032,3486.08
9,AoSoA-32,11,1.233728,3481.29
9,AoSoA-32,12,1.229216,3494.06
9,AoSoA-32,13,1.232960,3483.45
9,AoSoA-32,14,1.230592,3490.16
9,AoSoA-32,15,1.233312,3482.46
9,AoSoA-32,16,1.230880,3489.34
9,AoSoA-32,17,1.232064,3485.99
9,AoSoA-32,18,1.231744,3486.89
9,AoSoA-32,19,1.231936,3486.35
9,AoSoA-32,20,1.232224,3485.54
9,AoSoA-32,21,1.232064,3485.99
9,AoSoA-32,22,1.231424,3487.80
9,AoSoA-32,23,1.230816,3489.52
9,AoSoA-32,24,1.233408,3482.19
9,AoSoA-32,25,1.232768,3484.00
9,AoSoA-32,26,1.232960,3483.45
9,AoSoA-32,27,1.231072,3488.80
9,AoSoA-32,28,1.234144,3480.11
9,AoSoA-32,29,1.234048,3480.38
9,AoSoA-32,30,1.232864,3483.73
9,AoSoA-32,31,1.234496,3479.12
9,AoSoA-32,32,1.232736,3484.09
9,AoSoA-32,33,1.235328,3476.78
9,AoSoA-32,34,1.231648,3487.17
9,AoSoA-32,35,1.234144,3480.11
9,AoSoA-32,36,1.231168,3488.52
9,AoSoA-32,37,1.232352,3485.17
9,AoSoA-32,38,1.234720,3478.49
9,AoSoA-32,39,1.232992,3483.36
9,AoSoA-32,40,1.229696,3492.70
9,AoSoA-32,41,1.231424,3487.80
9,AoSoA-32,42,1.235104,3477.41
9,AoSoA-32,43,1.229184,3494.16
9,AoSoA-32,44,1.232160,3485.72
9,AoSoA-32,45,1.232288,3485.35
9,AoSoA-32,46,1.232576,3484.54
9,AoSoA-32,47,1.232928,3483.54
9,AoSoA-32,48,1.230880,3489.34
9,AoSoA-32,49,1.233792,3481.11
9,AoSoA-32,50,1.233760,3481.20
9,AoSoA-32,51,1.232032,3486.08
9,AoSoA-32,52,1.231936,3486.35
9,AoSoA-32,53,1.231968,3486.26
9,AoSoA-32,54,1.234048,3480.38
9,AoSoA-32,55,1.231328,3488.07
9,AoSoA-32,56,1.232000,3486.17
9,AoSoA-32,57,1.231040,3488.89
9,AoSoA-32,58,1.233856,3480.93
9,AoSoA-32,59,1.230816,3489.52
9,AoSoA-32,60,1.232864,3483.73
9,AoSoA-32,61,1.231840,3486.62
9,AoSoA-32,62,1.232992,3483.36
9,AoSoA-32,63,1.233472,3482.01
9,AoSoA-32,64,1.232000,3486.17
9,AoSoA-32,65,1.234528,3479.03
9,AoSoA-32,66,1.231520,3487.53
9,AoSoA-32,67,1.231168,3488.52
9,AoSoA-32,68,1.232352,3485.17
9,AoSoA-32,69,1.232448,3484.90
9,AoSoA-32,70,1.232256,3485.44
9,AoSoA-32,71,1.233536,3481.83
9,AoSoA-32,72,1.231488,3487.62
9,AoSoA-32,73,1.232928,3483.54
9,AoSoA-32,74,1.233568,3481.74
9,AoSoA-32,75,1.232096,3485.90
9,AoSoA-32,76,1.234048,3480.38
9,AoSoA-32,77,1.232800,3483.91
9,AoSoA-32,78,1.233952,3480.65
9,AoSoA-32,79,1.232640,3484.36
9,AoSoA-32,80,1.233024,3483.27
9,AoSoA-32,81,1.234112,3480.20
9,AoSoA-32,82,1.233120,3483.00
9,AoSoA-32,83,1.234048,3480.38
9,AoSoA-32,84,1.230752,3489.70
9,AoSoA-32,85,1.233408,3482.19
9,AoSoA-32,86,1.233600,3481.65
9,AoSoA-32,87,1.232896,3483.64
9,AoSoA-32,88,1.232544,3484.63
9,AoSoA-32,89,1.233632,3481.56
9,AoSoA-32,90,1.233312,3482.46
9,AoSoA-32,91,1.230368,3490.79
9,AoSoA-32,92,1.232928,3483.54
9,AoSoA-32,93,1.231648,3487.17
9,AoSoA-32,94,1.236192,3474.35
9,AoSoA-32,95,1.231520,3487.53
9,AoSoA-32,96,1.232672,3484.27
9,AoSoA-32,97,1.232832,3483.82
9,AoSoA-32,98,1.233152,3482.91
9,AoSoA-32,99,1.232544,3484.63
9,AoSoA-64,0,1.224768,3506.75
9,AoSoA-64,1,1.224576,3507.30
9,AoSoA-64,2,1.225952,3503.37
9,AoSoA-64,3,1.224224,3508.31
9,AoSoA-64,4,1.224064,3508.77
9,AoSoA-64,5,1.223776,3509.60
9,AoSoA-64,6,1.224672,3507.03
9,AoSoA-64,7,1.222016,3514.65
9,AoSoA-64,8,1.225280,3505.29
9,AoSoA-64,9,1.224128,3508.59
9,AoSoA-64,10,1.223584,3510.15
9,AoSoA-64,11,1.223744,3509.69
9,AoSoA-64,12,1.222784,3512.44
9,AoSoA-64,13,1.225024,3506.02
9,AoSoA-64,14,1.224736,3506.85
9,AoSoA-64,15,1.223040,3511.71
9,AoSoA-64,16,1.226112,3502.91
9,AoSoA-64,17,1.223104,3511.52
9,AoSoA-64,18,1.222816,3512.35
9,AoSoA-64,19,1.223648,3509.96
9,AoSoA-64,20,1.224736,3506.85
9,AoSoA-64,21,1.223328,3510.88
9,AoSoA-64,22,1.225440,3504.83
9,AoSoA-64,23,1.224192,3508.40
9,AoSoA-64,24,1.224736,3506.85
9,AoSoA-64,25,1.223232,3511.16
9,AoSoA-64,26,1.226112,3502.91
9,AoSoA-64,27,1.225312,3505.20
9,AoSoA-64,28,1.224544,3507.40
9,AoSoA-64,29,1.226016,3503.18
9,AoSoA-64,30,1.224800,3506.66
9,AoSoA-64,31,1.224128,3508.59
9,AoSoA-64,32,1.224480,3507.58
9,AoSoA-64,33,1.226144,3502.82
9,AoSoA-64,34,1.223584,3510.15
9,AoSoA-64,35,1.225664,3504.19
9,AoSoA-64,36,1.225184,3505.56
9,AoSoA-64,37,1.224448,3507.67
9,AoSoA-64,38,1.223904,3509.23
9,AoSoA-64,39,1.223744,3509.69
9,AoSoA-64,40,1.224512,3507.49
9,AoSoA-64,41,1.224032,3508.86
9,AoSoA-64,42,1.224032,3508.86
9,AoSoA-64,43,1.223584,3510.15
9,AoSoA-64,44,1.225632,3504.28
9,AoSoA-64,45,1.225600,3504.37
9,AoSoA-64,46,1.223552,3510.24
9,AoSoA-64,47,1.224384,3507.85
9,AoSoA-64,48,1.223680,3509.87
9,AoSoA-64,49,1.224928,3506.30
9,AoSoA-64,50,1.223776,3509.60
9,AoSoA-64,51,1.223680,3509.87
9,AoSoA-64,52,1.225184,3505.56
9,AoSoA-64,53,1.225024,3506.02
9,AoSoA-64,54,1.224320,3508.04
9,AoSoA-64,55,1.223552,3510.24
9,AoSoA-64,56,1.223552,3510.24
9,AoSoA-64,57,1.223456,3510.51
9,AoSoA-64,58,1.223680,3509.87
9,AoSoA-64,59,1.221600,3515.85
9,AoSoA-64,60,1.224576,3507.30
9,AoSoA-64,61,1.222848,3512.26
9,AoSoA-64,62,1.225248,3505.38
9,AoSoA-64,63,1.223360,3510.79
9,AoSoA-64,64,1.224704,3506.94
9,AoSoA-64,65,1.223328,3510.88
9,AoSoA-64,66,1.224896,3506.39
9,AoSoA-64,67,1.225888,3503.55
9,AoSoA-64,68,1.227584,3498.71
9,AoSoA-64,69,1.226080,3503.00
9,AoSoA-64,70,1.225280,3505.29
9,AoSoA-64,71,1.223776,3509.60
9,AoSoA-64,72,1.224064,3508.77
9,AoSoA-64,73,1.224160,3508.50
9,AoSoA-64,74,1.225952,3503.37
9,AoSoA-64,75,1.224800,3506.66
9,AoSoA-64,76,1.225344,3505.11
9,AoSoA-64,77,1.223936,3509.14
9,AoSoA-64,78,1.226560,3501.63
9,AoSoA-64,79,1.223936,3509.14
9,AoSoA-64,80,1.224128,3508.59
9,AoSoA-64,81,1.224864,3506.48
9,AoSoA-64,82,1.225888,3503.55
9,AoSoA-64,83,1.224800,3506.66
9,AoSoA-64,84,1.222912,3512.08
9,AoSoA-64,85,1.223296,3510.97
9,AoSoA-64,86,1.223712,3509.78
9,AoSoA-64,87,1.225568,3504.46
9,AoSoA-64,88,1.224576,3507.30
9,AoSoA-64,89,1.225856,3503.64
9,AoSoA-64,90,1.221120,3517.23
9,AoSoA-64,91,1.225472,3504.74
9,AoSoA-64,92,1.224224,3508.31
9,AoSoA-64,93,1.224288,3508.13
9,AoSoA-64,94,1.224960,3506.20
9,AoSoA-64,95,1.225568,3504.46
9,AoSoA-64,96,1.222912,3512.08
9,AoSoA-64,97,1.221312,3516.68
9,AoSoA-64,98,1.224832,3506.57
9,AoSoA-64,99,1.223360,3510.79
12,AoS,0,4.848896,885.76
12,AoS,1,4.841792,887.06
12,AoS,2,4.838560,887.65
12,AoS,3,4.829824,889.26
12,AoS,4,4.847072,886.09
12,AoS,5,4.851392,885.31
12,AoS,6,4.853760,884.87
12,AoS,7,4.836032,888.12
12,AoS,8,4.849280,885.69
12,AoS,9,4.860704,883.61
12,AoS,10,4.835072,888.29
12,AoS,11,4.850912,885.39
12,AoS,12,4.844352,886.59
12,AoS,13,4.857088,884.27
12,AoS,14,4.846816,886.14
12,AoS,15,4.849120,885.72
12,AoS,16,4.847040,886.10
12,AoS,17,4.845760,886.33
12,AoS,18,4.846944,886.12
12,AoS,19,4.841056,887.20
12,AoS,20,4.854528,884.73
12,AoS,21,4.841600,887.10
12,AoS,22,4.842848,886.87
12,AoS,23,4.835616,888.19
12,AoS,24,4.848224,885.88
12,AoS,25,4.844096,886.64
12,AoS,26,4.835584,888.20
12,AoS,27,4.848832,885.77
12,AoS,28,4.841888,887.04
12,AoS,29,4.828960,889.42
12,AoS,30,4.840704,887.26
12,AoS,31,4.838656,887.64
12,AoS,32,4.842528,886.93
12,AoS,33,4.844288,886.60
12,AoS,34,4.849728,885.61
12,AoS,35,4.842816,886.87
12,AoS,36,4.844800,886.51
12,AoS,37,4.848384,885.85
12,AoS,38,4.848192,885.89
12,AoS,39,4.842176,886.99
12,AoS,40,4.844608,886.55
12,AoS,41,4.865376,882.76
12,AoS,42,4.835616,888.19
12,AoS,43,4.845792,886.33
12,AoS,44,4.844032,886.65
12,AoS,45,4.843488,886.75
12,AoS,46,4.852832,885.04
12,AoS,47,4.850208,885.52
12,AoS,48,4.847104,886.09
12,AoS,49,4.845760,886.33
12,AoS,50,4.845408,886.40
12,AoS,51,4.830656,889.11
12,AoS,52,4.851168,885.35
12,AoS,53,4.838528,887.66
12,AoS,54,4.850016,885.56
12,AoS,55,4.848224,885.88
12,AoS,56,4.863584,883.09
12,AoS,57,4.853408,884.94
12,AoS,58,4.849376,885.67
12,AoS,59,4.842752,886.88
12,AoS,60,4.854048,884.82
12,AoS,61,4.836352,888.06
12,AoS,62,4.839360,887.51
12,AoS,63,4.845376,886.40
12,AoS,64,4.837376,887.87
12,AoS,65,4.846016,886.29
12,AoS,66,4.835008,888.31
12,AoS,67,4.850912,885.39
12,AoS,68,4.839648,887.45
12,AoS,69,4.835744,888.17
12,AoS,70,4.843168,886.81
12,AoS,71,4.848512,885.83
12,AoS,72,4.840000,887.39
12,AoS,73,4.840672,887.27
12,AoS,74,4.843232,886.80
12,AoS,75,4.854016,884.83
12,AoS,76,4.847712,885.98
12,AoS,77,4.849920,885.57
12,AoS,78,4.847648,885.99
12,AoS,79,4.836128,888.10
12,AoS,80,4.840000,887.39
12,AoS,81,4.844800,886.51
12,AoS,82,4.841344,887.14
12,AoS,83,4.838144,887.73
12,AoS,84,4.836160,888.09
12,AoS,85,4.837568,887.84
12,AoS,86,4.841344,887.14
12,AoS,87,4.853856,884.86
12,AoS,88,4.848192,885.89
12,AoS,89,4.851520,885.28
12,AoS,90,4.843072,886.83
12,AoS,91,4.834848,888.33
12,AoS,92,4.841536,887.11
12,AoS,93,4.861088,883.54
12,AoS,94,4.859904,883.75
12,AoS,95,4.840704,887.26
12,AoS,96,4.849952,885.57
12,AoS,97,4.842144,887.00
12,AoS,98,4.849280,885.69
12,AoS,99,4.847552,886.01
12,SoA,0,1.247936,3441.65
12,SoA,1,1.245152,3449.35
12,SoA,2,1.247872,3441.83
12,SoA,3,1.246688,3445.10
12,SoA,4,1.242112,3457.79
12,SoA,5,1.248128,3441.12
12,SoA,6,1.246560,3445.45
12,SoA,7,1.247392,3443.15
12,SoA,8,1.247520,3442.80
12,SoA,9,1.248832,3439.18
12,SoA,10,1.247904,3441.74
12,SoA,11,1.245920,3447.22
12,SoA,12,1.247744,3442.18
12,SoA,13,1.247200,3443.68
12,SoA,14,1.245632,3448.02
12,SoA,15,1.247200,3443.68
12,SoA,16,1.246528,3445.54
12,SoA,17,1.246176,3446.51
12,SoA,18,1.248160,3441.04
12,SoA,19,1.247936,3441.65
12,SoA,20,1.247968,3441.57
12,SoA,21,1.247136,3443.86
12,SoA,22,1.247232,3443.60
12,SoA,23,1.248096,3441.21
12,SoA,24,1.245184,3449.26
12,SoA,25,1.248000,3441.48
12,SoA,26,1.247456,3442.98
12,SoA,27,1.245920,3447.22
12,SoA,28,1.247424,3443.07
12,SoA,29,1.246944,3444.39
12,SoA,30,1.245248,3449.08
12,SoA,31,1.246304,3446.16
12,SoA,32,1.246752,3444.92
12,SoA,33,1.247040,3444.13
12,SoA,34,1.246976,3444.30
12,SoA,35,1.248256,3440.77
12,SoA,36,1.247360,3443.24
12,SoA,37,1.248096,3441.21
12,SoA,38,1.247392,3443.15
12,SoA,39,1.246880,3444.57
12,SoA,40,1.247488,3442.89
12,SoA,41,1.247136,3443.86
12,SoA,42,1.248192,3440.95
12,SoA,43,1.247936,3441.65
12,SoA,44,1.246848,3444.66
12,SoA,45,1.248256,3440.77
12,SoA,46,1.247328,3443.33
12,SoA,47,1.246976,3444.30
12,SoA,48,1.248576,3439.89
12,SoA,49,1.246752,3444.92
12,SoA,50,1.247488,3442.89
12,SoA,51,1.245408,3448.64
12,SoA,52,1.248928,3438.92
12,SoA,53,1.244160,3452.10
12,SoA,54,1.246976,3444.30
12,SoA,55,1.248512,3440.07
12,SoA,56,1.243104,3455.03
12,SoA,57,1.247232,3443.60
12,SoA,58,1.247296,3443.42
12,SoA,59,1.245888,3447.31
12,SoA,60,1.247616,3442.54
12,SoA,61,1.248512,3440.07
12,SoA,62,1.247072,3444.04
12,SoA,63,1.247136,3443.86
12,SoA,64,1.247296,3443.42
12,SoA,65,1.248512,3440.07
12,SoA,66,1.246464,3445.72
12,SoA,67,1.247520,3442.80
12,SoA,68,1.248448,3440.24
12,SoA,69,1.246944,3444.39
12,SoA,70,1.247712,3442.27
12,SoA,71,1.247040,3444.13
12,SoA,72,1.247008,3444.21
12,SoA,73,1.244736,3450.50
12,SoA,74,1.248064,3441.30
12,SoA,75,1.247968,3441.57
12,SoA,76,1.244768,3450.41
12,SoA,77,1.244832,3450.24
12,SoA,78,1.247520,3442.80
12,SoA,79,1.247616,3442.54
12,SoA,80,1.247136,3443.86
12,SoA,81,1.249216,3438.13
12,SoA,82,1.246240,3446.34
12,SoA,83,1.244992,3449.79
12,SoA,84,1.246976,3444.30
12,SoA,85,1.245984,3447.05
12,SoA,86,1.246400,3445.89
12,SoA,87,1.248544,3439.98
12,SoA,88,1.245600,3448.11
12,SoA,89,1.247328,3443.33
12,SoA,90,1.247616,3442.54
12,SoA,91,1.249120,3438.39
12,SoA,92,1.248064,3441.30
12,SoA,93,1.248000,3441.48
12,SoA,94,1.247392,3443.15
12,SoA,95,1.246944,3444.39
12,SoA,96,1.245920,3447.22
12,SoA,97,1.247520,3442.80
12,SoA,98,1.248480,3440.15
12,SoA,99,1.246368,3445.98
12,AoSoA-2,0,3.333984,1288.24
12,AoSoA-2,1,3.331424,1289.23
12,AoSoA-2,2,3.338208,1286.61
12,AoSoA-2,3,3.328192,1290.48
12,AoSoA-2,4,3.333376,1288.47
12,AoSoA-2,5,3.336800,1287.15
12,AoSoA-2,6,3.339680,1286.04
12,AoSoA-2,7,3.333056,1288.60
12,AoSoA-2,8,3.336448,1287.29
12,AoSoA-2,9,3.333728,1288.34
12,AoSoA-2,10,3.337728,1286.79
12,AoSoA-2,11,3.328448,1290.38
12,AoSoA-2,12,3.332032,1288.99
12,AoSoA-2,13,3.341088,1285.50
12,AoSoA-2,14,3.336224,1287.37
12,AoSoA-2,15,3.337248,1286.98
12,AoSoA-2,16,3.330880,1289.44
12,AoSoA-2,17,3.339648,1286.05
12,AoSoA-2,18,3.334176,1288.16
12,AoSoA-2,19,3.336512,1287.26
12,AoSoA-2,20,3.334944,1287.87
12,AoSoA-2,21,3.335712,1287.57
12,AoSoA-2,22,3.336608,1287.22
12,AoSoA-2,23,3.340864,1285.58
12,AoSoA-2,24,3.330016,1289.77
12,AoSoA-2,25,3.333920,1288.26
12,AoSoA-2,26,3.335808,1287.53
12,AoSoA-2,27,3.339424,1286.14
12,AoSoA-2,28,3.337120,1287.03
12,AoSoA-2,29,3.338304,1286.57
12,AoSoA-2,30,3.335040,1287.83
12,AoSoA-2,31,3.343520,1284.56
12,AoSoA-2,32,3.338912,1286.34
12,AoSoA-2,33,3.336512,1287.26
12,AoSoA-2,34,3.334912,1287.88
12,AoSoA-2,35,3.337280,1286.97
12,AoSoA-2,36,3.334848,1287.90
12,AoSoA-2,37,3.339808,1285.99
12,AoSoA-2,38,3.336384,1287.31
12,AoSoA-2,39,3.341440,1285.36
12,AoSoA-2,40,3.338528,1286.48
12,AoSoA-2,41,3.335456,1287.67
12,AoSoA-2,42,3.337536,1286.87
12,AoSoA-2,43,3.332928,1288.65
12,AoSoA-2,44,3.335808,1287.53
12,AoSoA-2,45,3.328672,1290.29
12,AoSoA-2,46,3.340480,1285.73
12,AoSoA-2,47,3.336032,1287.45
12,AoSoA-2,48,3.338944,1286.32
12,AoSoA-2,49,3.333568,1288.40
12,AoSoA-2,50,3.336160,1287.40
12,AoSoA-2,51,3.326688,1291.06
12,AoSoA-2,52,3.340448,1285.74
12,AoSoA-2,53,3.338464,1286.51
12,AoSoA-2,54,3.338656,1286.43
12,AoSoA-2,55,3.339680,1286.04
12,AoSoA-2,56,3.334016,1288.23
12,AoSoA-2,57,3.333280,1288.51
12,AoSoA-2,58,3.335488,1287.66
12,AoSoA-2,59,3.335488,1287.66
12,AoSoA-2,60,3.337472,1286.89
12,AoSoA-2,61,3.338144,1286.63
12,AoSoA-2,62,3.337056,1287.05
12,AoSoA-2,63,3.340320,1285.79
12,AoSoA-2,64,3.335872,1287.51
12,AoSoA-2,65,3.337408,1286.92
12,AoSoA-2,66,3.331264,1289.29
12,AoSoA-2,67,3.340736,1285.63
12,AoSoA-2,68,3.337248,1286.98
12,AoSoA-2,69,3.338336,1286.56
12,AoSoA-2,70,3.337760,1286.78
12,AoSoA-2,71,3.336032,1287.45
12,AoSoA-2,72,3.335008,1287.84
12,AoSoA-2,73,3.339136,1286.25
12,AoSoA-2,74,3.339008,1286.30
12,AoSoA-2,75,3.338080,1286.66
12,AoSoA-2,76,3.339392,1286.15
12,AoSoA-2,77,3.340384,1285.77
12,AoSoA-2,78,3.330912,1289.43
12,AoSoA-2,79,3.339104,1286.26
12,AoSoA-2,80,3.338848,1286.36
12,AoSoA-2,81,3.337664,1286.82
12,AoSoA-2,82,3.335680,1287.58
12,AoSoA-2,83,3.333792,1288.31
12,AoSoA-2,84,3.333824,1288.30
12,AoSoA-2,85,3.336256,1287.36
12,AoSoA-2,86,3.331872,1289.05
12,AoSoA-2,87,3.337216,1286.99
12,AoSoA-2,88,3.332416,1288.84
12,AoSoA-2,89,3.334784,1287.93
12,AoSoA-2,90,3.332288,1288.89
12,AoSoA-2,91,3.339616,1286.06
12,AoSoA-2,92,3.334144,1288.18
12,AoSoA-2,93,3.333920,1288.26
12,AoSoA-2,94,3.337696,1286.80
12,AoSoA-2,95,3.335456,1287.67
12,AoSoA-2,96,3.335904,1287.50
12,AoSoA-2,97,3.340032,1285.90
12,AoSoA-2,98,3.340384,1285.77
12,AoSoA-2,99,3.337472,1286.89
12,AoSoA-4,0,2.205504,1947.38
12,AoSoA-4,1,2.203264,1949.36
12,AoSoA-4,2,2.205472,1947.41
12,AoSoA-4,3,2.202656,1949.90
12,AoSoA-4,4,2.204096,1948.63
12,AoSoA-4,5,2.203968,1948.74
12,AoSoA-4,6,2.201984,1950.50
12,AoSoA-4,7,2.203680,1949.00
12,AoSoA-4,8,2.202720,1949.85
12,AoSoA-4,9,2.202112,1950.38
12,AoSoA-4,10,2.204096,1948.63
12,AoSoA-4,11,2.204640,1948.15
12,AoSoA-4,12,2.203648,1949.02
12,AoSoA-4,13,2.202752,1949.82
12,AoSoA-4,14,2.202592,1949.96
12,AoSoA-4,15,2.203808,1948.88
12,AoSoA-4,16,2.205248,1947.61
12,AoSoA-4,17,2.206304,1946.68
12,AoSoA-4,18,2.205056,1947.78
12,AoSoA-4,19,2.204640,1948.15
12,AoSoA-4,20,2.203008,1949.59
12,AoSoA-4,21,2.206048,1946.90
12,AoSoA-4,22,2.207488,1945.63
12,AoSoA-4,23,2.203072,1949.53
12,AoSoA-4,24,2.205312,1947.55
12,AoSoA-4,25,2.206080,1946.88
12,AoSoA-4,26,2.202368,1950.16
12,AoSoA-4,27,2.204512,1948.26
12,AoSoA-4,28,2.203072,1949.53
12,AoSoA-4,29,2.204832,1947.98
12,AoSoA-4,30,2.204864,1947.95
12,AoSoA-4,31,2.204736,1948.06
12,AoSoA-4,32,2.208736,1944.53
12,AoSoA-4,33,2.201920,1950.55
12,AoSoA-4,34,2.204640,1948.15
12,AoSoA-4,35,2.203776,1948.91
12,AoSoA-4,36,2.205888,1947.04
12,AoSoA-4,37,2.203552,1949.11
12,AoSoA-4,38,2.204544,1948.23
12,AoSoA-4,39,2.204896,1947.92
12,AoSoA-4,40,2.203648,1949.02
12,AoSoA-4,41,2.204832,1947.98
12,AoSoA-4,42,2.204096,1948.63
12,AoSoA-4,43,2.202048,1950.44
12,AoSoA-4,44,2.204320,1948.43
12,AoSoA-4,45,2.202656,1949.90
12,AoSoA-4,46,2.206176,1946.79
12,AoSoA-4,47,2.205024,1947.81
12,AoSoA-4,48,2.203744,1948.94
12,AoSoA-4,49,2.203680,1949.00
12,AoSoA-4,50,2.204160,1948.57
12,AoSoA-4,51,2.204800,1948.01
12,AoSoA-4,52,2.207552,1945.58
12,AoSoA-4,53,2.204000,1948.71
12,AoSoA-4,54,2.204768,1948.03
12,AoSoA-4,55,2.202528,1950.02
12,AoSoA-4,56,2.204256,1948.49
12,AoSoA-4,57,2.204192,1948.54
12,AoSoA-4,58,2.203424,1949.22
12,AoSoA-4,59,2.204736,1948.06
12,AoSoA-4,60,2.204416,1948.35
12,AoSoA-4,61,2.203424,1949.22
12,AoSoA-4,62,2.206976,1946.09
12,AoSoA-4,63,2.204032,1948.68
12,AoSoA-4,64,2.202784,1949.79
12,AoSoA-4,65,2.204960,1947.86
12,AoSoA-4,66,2.205216,1947.64
12,AoSoA-4,67,2.206592,1946.42
12,AoSoA-4,68,2.205056,1947.78
12,AoSoA-4,69,2.204192,1948.54
12,AoSoA-4,70,2.205184,1947.67
12,AoSoA-4,71,2.205376,1947.50
12,AoSoA-4,72,2.202048,1950.44
12,AoSoA-4,73,2.204480,1948.29
12,AoSoA-4,74,2.203648,1949.02
12,AoSoA-4,75,2.203328,1949.31
12,AoSoA-4,76,2.203616,1949.05
12,AoSoA-4,77,2.202848,1949.73
12,AoSoA-4,78,2.204288,1948.46
12,AoSoA-4,79,2.205312,1947.55
12,AoSoA-4,80,2.204224,1948.51
12,AoSoA-4,81,2.203840,1948.85
12,AoSoA-4,82,2.205952,1946.99
12,AoSoA-4,83,2.204480,1948.29
12,AoSoA-4,84,2.201952,1950.53
12,AoSoA-4,85,2.204864,1947.95
12,AoSoA-4,86,2.203008,1949.59
12,AoSoA-4,87,2.203488,1949.17
12,AoSoA-4,88,2.204672,1948.12
12,AoSoA-4,89,2.204864,1947.95
12,AoSoA-4,90,2.204384,1948.37
12,AoSoA-4,91,2.202752,1949.82
12,AoSoA-4,92,2.203712,1948.97
12,AoSoA-4,93,2.204768,1948.03
12,AoSoA-4,94,2.202880,1949.70
12,AoSoA-4,95,2.204416,1948.35
12,AoSoA-4,96,2.203456,1949.19
12,AoSoA-4,97,2.204192,1948.54
12,AoSoA-4,98,2.204800,1948.01
12,AoSoA-4,99,2.203744,1948.94
12,AoSoA-8,0,1.632576,2630.79
12,AoSoA-8,1,1.630048,2634.87
12,AoSoA-8,2,1.629888,2635.13
12,AoSoA-8,3,1.628992,2636.58
12,AoSoA-8,4,1.633888,2628.68
12,AoSoA-8,5,1.629408,2635.90
12,AoSoA-8,6,1.633280,2629.66
12,AoSoA-8,7,1.631040,2633.27
12,AoSoA-8,8,1.630752,2633.73
12,AoSoA-8,9,1.630368,2634.35
12,AoSoA-8,10,1.633312,2629.60
12,AoSoA-8,11,1.632864,2630.33
12,AoSoA-8,12,1.631264,2632.91
12,AoSoA-8,13,1.631776,2632.08
12,AoSoA-8,14,1.629504,2635.75
12,AoSoA-8,15,1.631904,2631.87
12,AoSoA-8,16,1.628128,2637.98
12,AoSoA-8,17,1.630976,2633.37
12,AoSoA-8,18,1.630496,2634.15
12,AoSoA-8,19,1.630496,2634.15
12,AoSoA-8,20,1.629824,2635.23
12,AoSoA-8,21,1.630624,2633.94
12,AoSoA-8,22,1.630880,2633.52
12,AoSoA-8,23,1.629728,2635.39
12,AoSoA-8,24,1.629280,2636.11
12,AoSoA-8,25,1.630304,2634.46
12,AoSoA-8,26,1.630944,2633.42
12,AoSoA-8,27,1.631424,2632.65
12,AoSoA-8,28,1.634560,2627.60
12,AoSoA-8,29,1.630368,2634.35
12,AoSoA-8,30,1.631616,2632.34
12,AoSoA-8,31,1.629632,2635.54
12,AoSoA-8,32,1.631744,2632.13
12,AoSoA-8,33,1.631584,2632.39
12,AoSoA-8,34,1.629056,2636.47
12,AoSoA-8,35,1.631552,2632.44
12,AoSoA-8,36,1.630368,2634.35
12,AoSoA-8,37,1.630304,2634.46
12,AoSoA-8,38,1.631872,2631.92
12,AoSoA-8,39,1.629696,2635.44
12,AoSoA-8,40,1.630816,2633.63
12,AoSoA-8,41,1.632064,2631.61
12,AoSoA-8,42,1.630368,2634.35
12,AoSoA-8,43,1.629248,2636.16
12,AoSoA-8,44,1.631104,2633.16
12,AoSoA-8,45,1.631360,2632.75
12,AoSoA-8,46,1.631328,2632.80
12,AoSoA-8,47,1.630112,2634.77
12,AoSoA-8,48,1.630496,2634.15
12,AoSoA-8,49,1.632928,2630.22
12,AoSoA-8,50,1.631520,2632.49
12,AoSoA-8,51,1.631680,2632.23
12,AoSoA-8,52,1.632160,2631.46
12,AoSoA-8,53,1.631072,2633.21
12,AoSoA-8,54,1.631648,2632.29
12,AoSoA-8,55,1.630688,2633.84
12,AoSoA-8,56,1.632640,2630.69
12,AoSoA-8,57,1.630208,2634.61
12,AoSoA-8,58,1.631904,2631.87
12,AoSoA-8,59,1.630560,2634.04
12,AoSoA-8,60,1.631136,2633.11
12,AoSoA-8,61,1.630880,2633.52
12,AoSoA-8,62,1.631264,2632.91
12,AoSoA-8,63,1.630304,2634.46
12,AoSoA-8,64,1.632256,2631.30
12,AoSoA-8,65,1.630848,2633.58
12,AoSoA-8,66,1.631392,2632.70
12,AoSoA-8,67,1.631008,2633.32
12,AoSoA-8,68,1.633696,2628.99
12,AoSoA-8,69,1.631712,2632.18
12,AoSoA-8,70,1.631712,2632.18
12,AoSoA-8,71,1.632320,2631.20
12,AoSoA-8,72,1.631360,2632.75
12,AoSoA-8,73,1.633920,2628.63
12,AoSoA-8,74,1.633152,2629.86
12,AoSoA-8,75,1.629792,2635.28
12,AoSoA-8,76,1.631840,2631.98
12,AoSoA-8,77,1.631008,2633.32
12,AoSoA-8,78,1.633120,2629.91
12,AoSoA-8,79,1.631680,2632.23
12,AoSoA-8,80,1.632000,2631.72
12,AoSoA-8,81,1.632096,2631.56
12,AoSoA-8,82,1.633248,2629.71
12,AoSoA-8,83,1.629440,2635.85
12,AoSoA-8,84,1.632064,2631.61
12,AoSoA-8,85,1.633088,2629.96
12,AoSoA-8,86,1.631744,2632.13
12,AoSoA-8,87,1.634016,2628.47
12,AoSoA-8,88,1.630368,2634.35
12,AoSoA-8,89,1.632160,2631.46
12,AoSoA-8,90,1.629504,2635.75
12,AoSoA-8,91,1.631616,2632.34
12,AoSoA-8,92,1.630816,2633.63
12,AoSoA-8,93,1.632480,2630.94
12,AoSoA-8,94,1.632640,2630.69
12,AoSoA-8,95,1.630688,2633.84
12,AoSoA-8,96,1.632704,2630.58
12,AoSoA-8,97,1.630784,2633.68
12,AoSoA-8,98,1.632576,2630.79
12,AoSoA-8,99,1.630368,2634.35
12,AoSoA-16,0,1.281440,3351.67
12,AoSoA-16,1,1.279808,3355.94
12,AoSoA-16,2,1.279712,3356.20
12,AoSoA-16,3,1.277760,3361.32
12,AoSoA-16,4,1.279776,3356.03
12,AoSoA-16,5,1.278976,3358.13
12,AoSoA-16,6,1.279776,3356.03
12,AoSoA-16,7,1.279712,3356.20
12,AoSoA-16,8,1.279648,3356.36
12,AoSoA-16,9,1.279072,3357.87
12,AoSoA-16,10,1.279872,3355.78
12,AoSoA-16,11,1.278624,3359.05
12,AoSoA-16,12,1.279328,3357.20
12,AoSoA-16,13,1.279520,3356.70
12,AoSoA-16,14,1.278528,3359.30
12,AoSoA-16,15,1.278560,3359.22
12,AoSoA-16,16,1.278080,3360.48
12,AoSoA-16,17,1.278624,3359.05
12,AoSoA-16,18,1.278720,3358.80
12,AoSoA-16,19,1.277376,3362.33
12,AoSoA-16,20,1.278560,3359.22
12,AoSoA-16,21,1.278848,3358.46
12,AoSoA-16,22,1.279360,3357.12
12,AoSoA-16,23,1.278016,3360.65
12,AoSoA-16,24,1.278880,3358.38
12,AoSoA-16,25,1.280096,3355.19
12,AoSoA-16,26,1.281280,3352.09
12,AoSoA-16,27,1.279904,3355.69
12,AoSoA-16,28,1.279840,3355.86
12,AoSoA-16,29,1.279072,3357.87
12,AoSoA-16,30,1.280032,3355.36
12,AoSoA-16,31,1.279104,3357.79
12,AoSoA-16,32,1.279680,3356.28
12,AoSoA-16,33,1.279200,3357.54
12,AoSoA-16,34,1.280320,3354.60
12,AoSoA-16,35,1.280160,3355.02
12,AoSoA-16,36,1.279840,3355.86
12,AoSoA-16,37,1.279104,3357.79
12,AoSoA-16,38,1.279008,3358.04
12,AoSoA-16,39,1.279424,3356.95
12,AoSoA-16,40,1.279040,3357.96
12,AoSoA-16,41,1.279104,3357.79
12,AoSoA-16,42,1.280672,3353.68
12,AoSoA-16,43,1.281344,3351.92
12,AoSoA-16,44,1.279744,3356.11
12,AoSoA-16,45,1.279904,3355.69
12,AoSoA-16,46,1.278880,3358.38
12,AoSoA-16,47,1.279104,3357.79
12,AoSoA-16,48,1.277856,3361.07
12,AoSoA-16,49,1.280608,3353.85
12,AoSoA-16,50,1.278816,3358.55
12,AoSoA-16,51,1.278176,3360.23
12,AoSoA-16,52,1.278784,3358.63
12,AoSoA-16,53,1.279648,3356.36
12,AoSoA-16,54,1.279488,3356.78
12,AoSoA-16,55,1.279072,3357.87
12,AoSoA-16,56,1.278944,3358.21
12,AoSoA-16,57,1.279328,3357.20
12,AoSoA-16,58,1.280288,3354.69
12,AoSoA-16,59,1.278560,3359.22
12,AoSoA-16,60,1.279264,3357.37
12,AoSoA-16,61,1.281312,3352.00
12,AoSoA-16,62,1.279520,3356.70
12,AoSoA-16,63,1.281312,3352.00
12,AoSoA-16,64,1.279168,3357.62
12,AoSoA-16,65,1.279328,3357.20
12,AoSoA-16,66,1.280288,3354.69
12,AoSoA-16,67,1.279968,3355.52
12,AoSoA-16,68,1.279264,3357.37
12,AoSoA-16,69,1.280032,3355.36
12,AoSoA-16,70,1.279072,3357.87
12,AoSoA-16,71,1.280320,3354.60
12,AoSoA-16,72,1.280000,3355.44
12,AoSoA-16,73,1.277376,3362.33
12,AoSoA-16,74,1.278912,3358.29
12,AoSoA-16,75,1.279968,3355.52
12,AoSoA-16,76,1.278720,3358.80
12,AoSoA-16,77,1.279296,3357.29
12,AoSoA-16,78,1.280384,3354.43
12,AoSoA-16,79,1.279552,3356.61
12,AoSoA-16,80,1.280928,3353.01
12,AoSoA-16,81,1.279392,3357.03
12,AoSoA-16,82,1.277888,3360.99
12,AoSoA-16,83,1.279328,3357.20
12,AoSoA-16,84,1.278624,3359.05
12,AoSoA-16,85,1.278496,3359.39
12,AoSoA-16,86,1.278944,3358.21
12,AoSoA-16,87,1.278592,3359.14
12,AoSoA-16,88,1.277376,3362.33
12,AoSoA-16,89,1.279168,3357.62
12,AoSoA-16,90,1.278848,3358.46
12,AoSoA-16,91,1.279616,3356.45
12,AoSoA-16,92,1.278112,3360.40
12,AoSoA-16,93,1.279008,3358.04
12,AoSoA-16,94,1.278432,3359.56
12,AoSoA-16,95,1.278016,3360.65
12,AoSoA-16,96,1.278624,3359.05
12,AoSoA-16,97,1.278688,3358.88
12,AoSoA-16,98,1.278496,3359.39
12,AoSoA-16,99,1.279136,3357.71
12,AoSoA-32,0,1.228320,3496.62
12,AoSoA-32,1,1.230656,3489.98
12,AoSoA-32,2,1.229440,3493.43
12,AoSoA-32,3,1.228256,3496.80
12,AoSoA-32,4,1.230336,3490.89
12,AoSoA-32,5,1.229056,3494.52
12,AoSoA-32,6,1.229632,3492.88
12,AoSoA-32,7,1.225920,3503.46
12,AoSoA-32,8,1.228320,3496.62
12,AoSoA-32,9,1.228096,3497.25
12,AoSoA-32,10,1.228608,3495.80
12,AoSoA-32,11,1.227424,3499.17
12,AoSoA-32,12,1.229120,3494.34
12,AoSoA-32,13,1.227264,3499.62
12,AoSoA-32,14,1.229184,3494.16
12,AoSoA-32,15,1.228064,3497.34
12,AoSoA-32,16,1.229280,3493.89
12,AoSoA-32,17,1.228896,3494.98
12,AoSoA-32,18,1.228544,3495.98
12,AoSoA-32,19,1.229088,3494.43
12,AoSoA-32,20,1.231424,3487.80
12,AoSoA-32,21,1.228160,3497.07
12,AoSoA-32,22,1.229824,3492.34
12,AoSoA-32,23,1.227904,3497.80
12,AoSoA-32,24,1.227168,3499.90
12,AoSoA-32,25,1.227424,3499.17
12,AoSoA-32,26,1.231360,3487.98
12,AoSoA-32,27,1.228960,3494.79
12,AoSoA-32,28,1.228672,3495.61
12,AoSoA-32,29,1.228640,3495.71
12,AoSoA-32,30,1.228512,3496.07
12,AoSoA-32,31,1.229408,3493.52
12,AoSoA-32,32,1.229344,3493.70
12,AoSoA-32,33,1.230912,3489.25
12,AoSoA-32,34,1.228032,3497.44
12,AoSoA-32,35,1.226240,3502.55
12,AoSoA-32,36,1.226816,3500.90
12,AoSoA-32,37,1.228608,3495.80
12,AoSoA-32,38,1.227840,3497.98
12,AoSoA-32,39,1.228960,3494.79
12,AoSoA-32,40,1.229632,3492.88
12,AoSoA-32,41,1.228288,3496.71
12,AoSoA-32,42,1.229920,3492.07
12,AoSoA-32,43,1.226400,3502.09
12,AoSoA-32,44,1.227584,3498.71
12,AoSoA-32,45,1.232160,3485.72
12,AoSoA-32,46,1.227168,3499.90
12,AoSoA-32,47,1.231232,3488.35
12,AoSoA-32,48,1.229632,3492.88
12,AoSoA-32,49,1.228608,3495.80
12,AoSoA-32,50,1.228640,3495.71
12,AoSoA-32,51,1.227968,3497.62
12,AoSoA-32,52,1.227488,3498.99
12,AoSoA-32,53,1.230304,3490.98
12,AoSoA-32,54,1.228768,3495.34
12,AoSoA-32,55,1.226624,3501.45
12,AoSoA-32,56,1.227648,3498.53
12,AoSoA-32,57,1.229280,3493.89
12,AoSoA-32,58,1.228960,3494.79
12,AoSoA-32,59,1.229280,3493.89
12,AoSoA-32,60,1.226080,3503.00
12,AoSoA-32,61,1.229792,3492.43
12,AoSoA-32,62,1.227552,3498.80
12,AoSoA-32,63,1.228576,3495.89
12,AoSoA-32,64,1.227808,3498.07
12,AoSoA-32,65,1.229184,3494.16
12,AoSoA-32,66,1.229728,3492.61
12,AoSoA-32,67,1.227808,3498.07
12,AoSoA-32,68,1.228672,3495.61
12,AoSoA-32,69,1.227360,3499.35
12,AoSoA-32,70,1.228832,3495.16
12,AoSoA-32,71,1.227936,3497.71
12,AoSoA-32,72,1.229152,3494.25
12,AoSoA-32,73,1.228224,3496.89
12,AoSoA-32,74,1.229760,3492.52
12,AoSoA-32,75,1.228224,3496.89
12,AoSoA-32,76,1.231072,3488.80
12,AoSoA-32,77,1.227232,3499.72
12,AoSoA-32,78,1.230464,3490.52
12,AoSoA-32,79,1.227392,3499.26
12,AoSoA-32,80,1.227296,3499.53
12,AoSoA-32,81,1.228000,3497.53
12,AoSoA-32,82,1.230176,3491.34
12,AoSoA-32,83,1.227360,3499.35
12,AoSoA-32,84,1.228992,3494.70
12,AoSoA-32,85,1.229024,3494.61
12,AoSoA-32,86,1.227840,3497.98
12,AoSoA-32,87,1.229056,3494.52
12,AoSoA-32,88,1.229536,3493.16
12,AoSoA-32,89,1.227520,3498.89
12,AoSoA-32,90,1.228992,3494.70
12,AoSoA-32,91,1.228256,3496.80
12,AoSoA-32,92,1.229440,3493.43
12,AoSoA-32,93,1.230944,3489.16
12,AoSoA-32,94,1.229248,3493.98
12,AoSoA-32,95,1.231040,3488.89
12,AoSoA-32,96,1.228384,3496.43
12,AoSoA-32,97,1.227520,3498.89
12,AoSoA-32,98,1.229056,3494.52
12,AoSoA-32,99,1.228256,3496.80
12,AoSoA-64,0,1.227776,3498.16
12,AoSoA-64,1,1.228096,3497.25
12,AoSoA-64,2,1.224448,3507.67
12,AoSoA-64,3,1.226048,3503.10
12,AoSoA-64,4,1.227008,3500.35
12,AoSoA-64,5,1.225632,3504.28
12,AoSoA-64,6,1.226080,3503.00
12,AoSoA-64,7,1.228160,3497.07
12,AoSoA-64,8,1.224928,3506.30
12,AoSoA-64,9,1.226528,3501.72
12,AoSoA-64,10,1.225280,3505.29
12,AoSoA-64,11,1.225344,3505.11
12,AoSoA-64,12,1.224800,3506.66
12,AoSoA-64,13,1.225440,3504.83
12,AoSoA-64,14,1.225600,3504.38
12,AoSoA-64,15,1.227936,3497.71
12,AoSoA-64,16,1.225408,3504.93
12,AoSoA-64,17,1.227136,3499.99
12,AoSoA-64,18,1.226912,3500.63
12,AoSoA-64,19,1.227200,3499.81
12,AoSoA-64,20,1.225920,3503.46
12,AoSoA-64,21,1.225728,3504.01
12,AoSoA-64,22,1.226720,3501.18
12,AoSoA-64,23,1.224480,3507.58
12,AoSoA-64,24,1.224672,3507.03
12,AoSoA-64,25,1.228480,3496.16
12,AoSoA-64,26,1.224896,3506.39
12,AoSoA-64,27,1.226848,3500.81
12,AoSoA-64,28,1.226176,3502.73
12,AoSoA-64,29,1.226752,3501.09
12,AoSoA-64,30,1.228480,3496.16
12,AoSoA-64,31,1.227136,3499.99
12,AoSoA-64,32,1.225376,3505.02
12,AoSoA-64,33,1.227872,3497.89
12,AoSoA-64,34,1.226688,3501.27
12,AoSoA-64,35,1.228224,3496.89
12,AoSoA-64,36,1.224608,3507.21
12,AoSoA-64,37,1.227296,3499.53
12,AoSoA-64,38,1.226304,3502.36
12,AoSoA-64,39,1.226528,3501.72
12,AoSoA-64,40,1.225152,3505.66
12,AoSoA-64,41,1.225856,3503.64
12,AoSoA-64,42,1.227712,3498.35
12,AoSoA-64,43,1.228736,3495.43
12,AoSoA-64,44,1.224960,3506.21
12,AoSoA-64,45,1.228384,3496.43
12,AoSoA-64,46,1.227264,3499.62
12,AoSoA-64,47,1.227008,3500.35
12,AoSoA-64,48,1.225888,3503.55
12,AoSoA-64,49,1.226752,3501.09
12,AoSoA-64,50,1.224896,3506.39
12,AoSoA-64,51,1.228448,3496.25
12,AoSoA-64,52,1.226624,3501.45
12,AoSoA-64,53,1.227040,3500.26
12,AoSoA-64,54,1.226656,3501.36
12,AoSoA-64,55,1.226656,3501.36
12,AoSoA-64,56,1.228320,3496.62
12,AoSoA-64,57,1.227168,3499.90
12,AoSoA-64,58,1.225120,3505.75
12,AoSoA-64,59,1.225728,3504.01
12,AoSoA-64,60,1.225504,3504.65
12,AoSoA-64,61,1.227456,3499.08
12,AoSoA-64,62,1.225056,3505.93
12,AoSoA-64,63,1.227552,3498.80
12,AoSoA-64,64,1.228288,3496.71
12,AoSoA-64,65,1.225312,3505.20
12,AoSoA-64,66,1.223904,3509.23
12,AoSoA-64,67,1.227200,3499.81
12,AoSoA-64,68,1.225312,3505.20
12,AoSoA-64,69,1.227520,3498.89
12,AoSoA-64,70,1.225888,3503.55
12,AoSoA-64,71,1.227360,3499.35
12,AoSoA-64,72,1.224576,3507.31
12,AoSoA-64,73,1.228192,3496.98
12,AoSoA-64,74,1.225952,3503.37
12,AoSoA-64,75,1.225408,3504.93
12,AoSoA-64,76,1.227520,3498.89
12,AoSoA-64,77,1.226048,3503.10
12,AoSoA-64,78,1.224288,3508.13
12,AoSoA-64,79,1.227904,3497.80
12,AoSoA-64,80,1.226912,3500.63
12,AoSoA-64,81,1.225952,3503.37
12,AoSoA-64,82,1.227424,3499.17
12,AoSoA-64,83,1.227040,3500.26
12,AoSoA-64,84,1.226368,3502.18
12,AoSoA-64,85,1.228000,3497.53
12,AoSoA-64,86,1.226400,3502.09
12,AoSoA-64,87,1.225824,3503.74
12,AoSoA-64,88,1.226080,3503.00
12,AoSoA-64,89,1.224992,3506.12
12,AoSoA-64,90,1.225472,3504.74
12,AoSoA-64,91,1.227328,3499.44
12,AoSoA-64,92,1.225856,3503.64
12,AoSoA-64,93,1.228128,3497.16
12,AoSoA-64,94,1.225056,3505.93
12,AoSoA-64,95,1.225728,3504.01
12,AoSoA-64,96,1.225600,3504.38
12,AoSoA-64,97,1.226528,3501.72
12,AoSoA-64,98,1.226368,3502.18
12,AoSoA-64,99,1.227136,3499.99
15,AoS,0,5.190880,827.41
15,AoS,1,5.201056,825.79
15,AoS,2,5.190592,827.45
15,AoS,3,5.199904,825.97
15,AoS,4,5.184896,828.36
15,AoS,5,5.213696,823.78
15,AoS,6,5.165536,831.47
15,AoS,7,5.233248,820.71
15,AoS,8,5.206368,824.94
15,AoS,9,5.204864,825.18
15,AoS,10,5.198912,826.13
15,AoS,11,5.218816,822.98
15,AoS,12,5.193984,826.91
15,AoS,13,5.167840,831.09
15,AoS,14,5.186016,828.18
15,AoS,15,5.201248,825.76
15,AoS,16,5.216672,823.31
15,AoS,17,5.203104,825.46
15,AoS,18,5.236000,820.28
15,AoS,19,5.209920,824.38
15,AoS,20,5.230880,821.08
15,AoS,21,5.216192,823.39
15,AoS,22,5.224800,822.03
15,AoS,23,5.211808,824.08
15,AoS,24,5.214720,823.62
15,AoS,25,5.183904,828.52
15,AoS,26,5.170272,830.70
15,AoS,27,5.210176,824.34
15,AoS,28,5.177888,829.48
15,AoS,29,5.195904,826.61
15,AoS,30,5.189824,827.57
15,AoS,31,5.178624,829.36
15,AoS,32,5.198464,826.20
15,AoS,33,5.180800,829.02
15,AoS,34,5.186496,828.11
15,AoS,35,5.234688,820.48
15,AoS,36,5.143136,835.09
15,AoS,37,5.156704,832.89
15,AoS,38,5.170496,830.67
15,AoS,39,5.213024,823.89
15,AoS,40,5.204512,825.24
15,AoS,41,5.181856,828.85
15,AoS,42,5.204192,825.29
15,AoS,43,5.194240,826.87
15,AoS,44,5.232928,820.76
15,AoS,45,5.217504,823.18
15,AoS,46,5.205728,825.05
15,AoS,47,5.180544,829.06
15,AoS,48,5.215104,823.56
15,AoS,49,5.187840,827.89
15,AoS,50,5.174880,829.96
15,AoS,51,5.164448,831.64
15,AoS,52,5.207520,824.76
15,AoS,53,5.220192,822.76
15,AoS,54,5.189536,827.62
15,AoS,55,5.185568,828.25
15,AoS,56,5.209728,824.41
15,AoS,57,5.163616,831.77
15,AoS,58,5.218784,822.98
15,AoS,59,5.163520,831.79
15,AoS,60,5.163552,831.78
15,AoS,61,5.195168,826.72
15,AoS,62,5.164896,831.57
15,AoS,63,5.180032,829.14
15,AoS,64,5.214688,823.63
15,AoS,65,5.217664,823.16
15,AoS,66,5.176960,829.63
15,AoS,67,5.189376,827.65
15,AoS,68,5.182496,828.74
15,AoS,69,5.208704,824.57
15,AoS,70,5.191008,827.39
15,AoS,71,5.199616,826.02
15,AoS,72,5.186624,828.08
15,AoS,73,5.186176,828.16
15,AoS,74,5.194816,826.78
15,AoS,75,5.222496,822.40
15,AoS,76,5.195936,826.60
15,AoS,77,5.219552,822.86
15,AoS,78,5.179168,829.28
15,AoS,79,5.207520,824.76
15,AoS,80,5.159808,832.39
15,AoS,81,5.140000,835.60
15,AoS,82,5.163296,831.83
15,AoS,83,5.193920,826.92
15,AoS,84,5.161888,832.05
15,AoS,85,5.190400,827.48
15,AoS,86,5.217664,823.16
15,AoS,87,5.198464,826.20
15,AoS,88,5.205056,825.15
15,AoS,89,5.213248,823.86
15,AoS,90,5.184512,828.42
15,AoS,91,5.212576,823.96
15,AoS,92,5.173536,830.18
15,AoS,93,5.160896,832.21
15,AoS,94,5.197152,826.41
15,AoS,95,5.190144,827.52
15,AoS,96,5.207360,824.79
15,AoS,97,5.175552,829.86
15,AoS,98,5.179264,829.26
15,AoS,99,5.184576,828.41
15,SoA,0,1.243424,3454.14
15,SoA,1,1.243808,3453.08
15,SoA,2,1.242432,3456.90
15,SoA,3,1.242656,3456.28
15,SoA,4,1.240992,3460.91
15,SoA,5,1.240928,3461.09
15,SoA,6,1.239232,3465.83
15,SoA,7,1.243712,3453.34
15,SoA,8,1.240160,3463.23
15,SoA,9,1.242432,3456.90
15,SoA,10,1.243680,3453.43
15,SoA,11,1.240672,3461.80
15,SoA,12,1.242816,3455.83
15,SoA,13,1.241408,3459.75
15,SoA,14,1.241664,3459.04
15,SoA,15,1.240672,3461.80
15,SoA,16,1.241440,3459.66
15,SoA,17,1.241664,3459.04
15,SoA,18,1.241504,3459.48
15,SoA,19,1.243264,3454.59
15,SoA,20,1.241088,3460.64
15,SoA,21,1.243296,3454.50
15,SoA,22,1.241504,3459.48
15,SoA,23,1.241728,3458.86
15,SoA,24,1.240992,3460.91
15,SoA,25,1.242560,3456.54
15,SoA,26,1.242944,3455.48
15,SoA,27,1.241888,3458.41
15,SoA,28,1.241344,3459.93
15,SoA,29,1.245792,3447.58
15,SoA,30,1.241376,3459.84
15,SoA,31,1.240768,3461.54
15,SoA,32,1.244448,3451.30
15,SoA,33,1.241376,3459.84
15,SoA,34,1.239136,3466.10
15,SoA,35,1.242016,3458.06
15,SoA,36,1.241760,3458.77
15,SoA,37,1.242912,3455.56
15,SoA,38,1.243360,3454.32
15,SoA,39,1.242176,3457.61
15,SoA,40,1.242432,3456.90
15,SoA,41,1.243136,3454.94
15,SoA,42,1.239168,3466.01
15,SoA,43,1.242528,3456.63
15,SoA,44,1.240992,3460.91
15,SoA,45,1.242528,3456.63
15,SoA,46,1.243200,3454.76
15,SoA,47,1.243584,3453.70
15,SoA,48,1.241984,3458.15
15,SoA,49,1.244096,3452.28
15,SoA,50,1.240704,3461.71
15,SoA,51,1.241440,3459.66
15,SoA,52,1.241120,3460.55
15,SoA,53,1.240928,3461.09
15,SoA,54,1.240448,3462.43
15,SoA,55,1.242880,3455.65
15,SoA,56,1.240960,3461.00
15,SoA,57,1.243264,3454.59
15,SoA,58,1.243296,3454.50
15,SoA,59,1.240576,3462.07
15,SoA,60,1.243520,3453.88
15,SoA,61,1.244384,3451.48
15,SoA,62,1.239232,3465.83
15,SoA,63,1.244640,3450.77
15,SoA,64,1.243392,3454.23
15,SoA,65,1.240256,3462.97
15,SoA,66,1.243232,3454.68
15,SoA,67,1.244128,3452.19
15,SoA,68,1.241824,3458.59
15,SoA,69,1.240928,3461.09
15,SoA,70,1.242176,3457.61
15,SoA,71,1.242368,3457.08
15,SoA,72,1.245632,3448.02
15,SoA,73,1.241280,3460.11
15,SoA,74,1.243456,3454.05
15,SoA,75,1.242688,3456.19
15,SoA,76,1.242176,3457.61
15,SoA,77,1.242080,3457.88
15,SoA,78,1.244256,3451.83
15,SoA,79,1.241472,3459.57
15,SoA,80,1.241856,3458.50
15,SoA,81,1.244448,3451.30
15,SoA,82,1.242048,3457.97
15,SoA,83,1.243200,3454.76
15,SoA,84,1.242688,3456.19
15,SoA,85,1.241152,3460.46
15,SoA,86,1.243616,3453.61
15,SoA,87,1.242272,3457.35
15,SoA,88,1.242912,3455.56
15,SoA,89,1.239616,3464.75
15,SoA,90,1.240672,3461.80
15,SoA,91,1.241376,3459.84
15,SoA,92,1.242944,3455.48
15,SoA,93,1.241408,3459.75
15,SoA,94,1.242144,3457.70
15,SoA,95,1.242240,3457.43
15,SoA,96,1.241824,3458.59
15,SoA,97,1.239872,3464.04
15,SoA,98,1.243744,3453.25
15,SoA,99,1.241664,3459.04
15,AoSoA-2,0,4.336384,990.45
15,AoSoA-2,1,4.328160,992.33
15,AoSoA-2,2,4.334208,990.95
15,AoSoA-2,3,4.327776,992.42
15,AoSoA-2,4,4.335072,990.75
15,AoSoA-2,5,4.330976,991.68
15,AoSoA-2,6,4.322560,993.62
15,AoSoA-2,7,4.330656,991.76
15,AoSoA-2,8,4.326496,992.71
15,AoSoA-2,9,4.320480,994.09
15,AoSoA-2,10,4.334208,990.95
15,AoSoA-2,11,4.325856,992.86
15,AoSoA-2,12,4.317600,994.76
15,AoSoA-2,13,4.332352,991.37
15,AoSoA-2,14,4.331488,991.57
15,AoSoA-2,15,4.337920,990.10
15,AoSoA-2,16,4.332896,991.25
15,AoSoA-2,17,4.339264,989.79
15,AoSoA-2,18,4.328064,992.35
15,AoSoA-2,19,4.323808,993.33
15,AoSoA-2,20,4.330592,991.77
15,AoSoA-2,21,4.326944,992.61
15,AoSoA-2,22,4.330656,991.76
15,AoSoA-2,23,4.328160,992.33
15,AoSoA-2,24,4.326144,992.79
15,AoSoA-2,25,4.328352,992.29
15,AoSoA-2,26,4.336928,990.32
15,AoSoA-2,27,4.341088,989.37
15,AoSoA-2,28,4.341408,989.30
15,AoSoA-2,29,4.331968,991.46
15,AoSoA-2,30,4.325664,992.90
15,AoSoA-2,31,4.335808,990.58
15,AoSoA-2,32,4.339936,989.64
15,AoSoA-2,33,4.335264,990.70
15,AoSoA-2,34,4.331680,991.52
15,AoSoA-2,35,4.333536,991.10
15,AoSoA-2,36,4.330976,991.68
15,AoSoA-2,37,4.331968,991.46
15,AoSoA-2,38,4.328576,992.23
15,AoSoA-2,39,4.334528,990.87
15,AoSoA-2,40,4.325632,992.91
15,AoSoA-2,41,4.330368,991.82
15,AoSoA-2,42,4.322208,993.70
15,AoSoA-2,43,4.322304,993.67
15,AoSoA-2,44,4.339232,989.80
15,AoSoA-2,45,4.334816,990.81
15,AoSoA-2,46,4.334400,990.90
15,AoSoA-2,47,4.342048,989.16
15,AoSoA-2,48,4.316192,995.08
15,AoSoA-2,49,4.324000,993.28
15,AoSoA-2,50,4.337152,990.27
15,AoSoA-2,51,4.326048,992.81
15,AoSoA-2,52,4.326848,992.63
15,AoSoA-2,53,4.325504,992.94
15,AoSoA-2,54,4.329056,992.12
15,AoSoA-2,55,4.331296,991.61
15,AoSoA-2,56,4.343712,988.78
15,AoSoA-2,57,4.324352,993.20
15,AoSoA-2,58,4.336832,990.35
15,AoSoA-2,59,4.319360,994.35
15,AoSoA-2,60,4.319488,994.32
15,AoSoA-2,61,4.329152,992.10
15,AoSoA-2,62,4.328384,992.28
15,AoSoA-2,63,4.323040,993.51
15,AoSoA-2,64,4.325024,993.05
15,AoSoA-2,65,4.328768,992.19
15,AoSoA-2,66,4.325408,992.96
15,AoSoA-2,67,4.325120,993.03
15,AoSoA-2,68,4.328032,992.36
15,AoSoA-2,69,4.347648,987.88
15,AoSoA-2,70,4.328320,992.29
15,AoSoA-2,71,4.329728,991.97
15,AoSoA-2,72,4.324064,993.27
15,AoSoA-2,73,4.322336,993.67
15,AoSoA-2,74,4.330496,991.79
15,AoSoA-2,75,4.318880,994.46
15,AoSoA-2,76,4.326912,992.62
15,AoSoA-2,77,4.316480,995.02
15,AoSoA-2,78,4.323968,993.29
15,AoSoA-2,79,4.336448,990.43
15,AoSoA-2,80,4.334304,990.92
15,AoSoA-2,81,4.323808,993.33
15,AoSoA-2,82,4.343744,988.77
15,AoSoA-2,83,4.334144,990.96
15,AoSoA-2,84,4.325632,992.91
15,AoSoA-2,85,4.331776,991.50
15,AoSoA-2,86,4.315712,995.19
15,AoSoA-2,87,4.322304,993.67
15,AoSoA-2,88,4.340448,989.52
15,AoSoA-2,89,4.322112,993.72
15,AoSoA-2,90,4.329184,992.10
15,AoSoA-2,91,4.320544,994.08
15,AoSoA-2,92,4.323232,993.46
15,AoSoA-2,93,4.332512,991.33
15,AoSoA-2,94,4.323808,993.33
15,AoSoA-2,95,4.338144,990.05
15,AoSoA-2,96,4.331904,991.47
15,AoSoA-2,97,4.319520,994.31
15,AoSoA-2,98,4.322016,993.74
15,AoSoA-2,99,4.336768,990.36
15,AoSoA-4,0,2.541312,1690.06
15,AoSoA-4,1,2.538208,1692.12
15,AoSoA-4,2,2.537632,1692.51
15,AoSoA-4,3,2.533600,1695.20
15,AoSoA-4,4,2.538912,1691.65
15,AoSoA-4,5,2.539904,1690.99
15,AoSoA-4,6,2.536608,1693.19
15,AoSoA-4,7,2.537568,1692.55
15,AoSoA-4,8,2.536032,1693.58
15,AoSoA-4,9,2.537408,1692.66
15,AoSoA-4,10,2.538560,1691.89
15,AoSoA-4,11,2.539200,1691.46
15,AoSoA-4,12,2.535424,1693.98
15,AoSoA-4,13,2.536480,1693.28
15,AoSoA-4,14,2.538592,1691.87
15,AoSoA-4,15,2.537856,1692.36
15,AoSoA-4,16,2.536928,1692.98
15,AoSoA-4,17,2.539232,1691.44
15,AoSoA-4,18,2.537344,1692.70
15,AoSoA-4,19,2.535680,1693.81
15,AoSoA-4,20,2.536480,1693.28
15,AoSoA-4,21,2.537920,1692.32
15,AoSoA-4,22,2.535264,1694.09
15,AoSoA-4,23,2.537920,1692.32
15,AoSoA-4,24,2.536064,1693.55
15,AoSoA-4,25,2.539392,1691.34
15,AoSoA-4,26,2.539136,1691.51
15,AoSoA-4,27,2.537504,1692.59
15,AoSoA-4,28,2.539680,1691.14
15,AoSoA-4,29,2.537664,1692.49
15,AoSoA-4,30,2.536160,1693.49
15,AoSoA-4,31,2.538560,1691.89
15,AoSoA-4,32,2.538144,1692.17
15,AoSoA-4,33,2.536672,1693.15
15,AoSoA-4,34,2.538432,1691.97
15,AoSoA-4,35,2.536992,1692.94
15,AoSoA-4,36,2.535744,1693.77
15,AoSoA-4,37,2.538112,1692.19
15,AoSoA-4,38,2.538880,1691.68
15,AoSoA-4,39,2.536544,1693.23
15,AoSoA-4,40,2.538304,1692.06
15,AoSoA-4,41,2.540480,1690.61
15,AoSoA-4,42,2.536288,1693.41
15,AoSoA-4,43,2.534496,1694.60
15,AoSoA-4,44,2.536800,1693.06
15,AoSoA-4,45,2.538336,1692.04
15,AoSoA-4,46,2.539648,1691.16
15,AoSoA-4,47,2.536416,1693.32
15,AoSoA-4,48,2.537472,1692.62
15,AoSoA-4,49,2.536576,1693.21
15,AoSoA-4,50,2.534432,1694.65
15,AoSoA-4,51,2.538176,1692.15
15,AoSoA-4,52,2.540064,1690.89
15,AoSoA-4,53,2.535008,1694.26
15,AoSoA-4,54,2.534688,1694.47
15,AoSoA-4,55,2.538112,1692.19
15,AoSoA-4,56,2.541408,1689.99
15,AoSoA-4,57,2.536832,1693.04
15,AoSoA-4,58,2.535872,1693.68
15,AoSoA-4,59,2.540672,1690.48
15,AoSoA-4,60,2.535968,1693.62
15,AoSoA-4,61,2.534624,1694.52
15,AoSoA-4,62,2.534656,1694.50
15,AoSoA-4,63,2.538880,1691.68
15,AoSoA-4,64,2.539808,1691.06
15,AoSoA-4,65,2.537728,1692.44
15,AoSoA-4,66,2.537824,1692.38
15,AoSoA-4,67,2.536384,1693.34
15,AoSoA-4,68,2.537184,1692.81
15,AoSoA-4,69,2.538144,1692.17
15,AoSoA-4,70,2.538880,1691.68
15,AoSoA-4,71,2.538560,1691.89
15,AoSoA-4,72,2.537088,1692.87
15,AoSoA-4,73,2.537760,1692.42
15,AoSoA-4,74,2.538912,1691.65
15,AoSoA-4,75,2.539264,1691.42
15,AoSoA-4,76,2.537152,1692.83
15,AoSoA-4,77,2.538944,1691.63
15,AoSoA-4,78,2.540544,1690.57
15,AoSoA-4,79,2.537344,1692.70
15,AoSoA-4,80,2.535328,1694.05
15,AoSoA-4,81,2.535456,1693.96
15,AoSoA-4,82,2.537504,1692.59
15,AoSoA-4,83,2.536608,1693.19
15,AoSoA-4,84,2.536480,1693.28
15,AoSoA-4,85,2.540256,1690.76
15,AoSoA-4,86,2.541120,1690.19
15,AoSoA-4,87,2.536128,1693.51
15,AoSoA-4,88,2.535232,1694.11
15,AoSoA-4,89,2.539392,1691.34
15,AoSoA-4,90,2.535936,1693.64
15,AoSoA-4,91,2.539072,1691.55
15,AoSoA-4,92,2.535744,1693.77
15,AoSoA-4,93,2.538208,1692.12
15,AoSoA-4,94,2.537952,1692.29
15,AoSoA-4,95,2.538880,1691.68
15,AoSoA-4,96,2.537312,1692.72
15,AoSoA-4,97,2.537856,1692.36
15,AoSoA-4,98,2.538368,1692.02
15,AoSoA-4,99,2.538944,1691.63
15,AoSoA-8,0,1.797184,2389.83
15,AoSoA-8,1,1.796128,2391.23
15,AoSoA-8,2,1.797856,2388.94
15,AoSoA-8,3,1.796384,2390.89
15,AoSoA-8,4,1.797888,2388.89
15,AoSoA-8,5,1.796768,2390.38
15,AoSoA-8,6,1.797856,2388.94
15,AoSoA-8,7,1.798176,2388.51
15,AoSoA-8,8,1.795648,2391.87
15,AoSoA-8,9,1.795712,2391.79
15,AoSoA-8,10,1.796768,2390.38
15,AoSoA-8,11,1.795456,2392.13
15,AoSoA-8,12,1.800256,2385.75
15,AoSoA-8,13,1.799200,2387.15
15,AoSoA-8,14,1.796896,2390.21
15,AoSoA-8,15,1.796928,2390.17
15,AoSoA-8,16,1.797344,2389.62
15,AoSoA-8,17,1.797760,2389.06
15,AoSoA-8,18,1.797440,2389.49
15,AoSoA-8,19,1.798144,2388.55
15,AoSoA-8,20,1.795360,2392.26
15,AoSoA-8,21,1.796640,2390.55
15,AoSoA-8,22,1.795200,2392.47
15,AoSoA-8,23,1.797568,2389.32
15,AoSoA-8,24,1.797792,2389.02
15,AoSoA-8,25,1.794784,2393.03
15,AoSoA-8,26,1.797920,2388.85
15,AoSoA-8,27,1.797376,2389.57
15,AoSoA-8,28,1.797120,2389.91
15,AoSoA-8,29,1.796800,2390.34
15,AoSoA-8,30,1.797376,2389.57
15,AoSoA-8,31,1.799520,2386.73
15,AoSoA-8,32,1.797760,2389.06
15,AoSoA-8,33,1.796960,2390.13
15,AoSoA-8,34,1.796032,2391.36
15,AoSoA-8,35,1.796672,2390.51
15,AoSoA-8,36,1.797792,2389.02
15,AoSoA-8,37,1.797408,2389.53
15,AoSoA-8,38,1.796736,2390.43
15,AoSoA-8,39,1.795168,2392.51
15,AoSoA-8,40,1.796032,2391.36
15,AoSoA-8,41,1.795584,2391.96
15,AoSoA-8,42,1.797440,2389.49
15,AoSoA-8,43,1.797312,2389.66
15,AoSoA-8,44,1.798368,2388.26
15,AoSoA-8,45,1.795552,2392.00
15,AoSoA-8,46,1.797504,2389.40
15,AoSoA-8,47,1.796192,2391.15
15,AoSoA-8,48,1.798912,2387.53
15,AoSoA-8,49,1.796928,2390.17
15,AoSoA-8,50,1.796384,2390.89
15,AoSoA-8,51,1.796576,2390.64
15,AoSoA-8,52,1.795872,2391.58
15,AoSoA-8,53,1.798304,2388.34
15,AoSoA-8,54,1.796288,2391.02
15,AoSoA-8,55,1.797440,2389.49
15,AoSoA-8,56,1.797920,2388.85
15,AoSoA-8,57,1.797152,2389.87
15,AoSoA-8,58,1.796256,2391.06
15,AoSoA-8,59,1.794976,2392.77
15,AoSoA-8,60,1.796512,2390.72
15,AoSoA-8,61,1.796256,2391.06
15,AoSoA-8,62,1.798112,2388.60
15,AoSoA-8,63,1.796896,2390.21
15,AoSoA-8,64,1.797440,2389.49
15,AoSoA-8,65,1.794432,2393.49
15,AoSoA-8,66,1.796064,2391.32
15,AoSoA-8,67,1.795456,2392.13
15,AoSoA-8,68,1.798400,2388.21
15,AoSoA-8,69,1.796064,2391.32
15,AoSoA-8,70,1.797600,2389.28
15,AoSoA-8,71,1.795488,2392.09
15,AoSoA-8,72,1.797888,2388.89
15,AoSoA-8,73,1.796416,2390.85
15,AoSoA-8,74,1.797056,2390.00
15,AoSoA-8,75,1.796576,2390.64
15,AoSoA-8,76,1.796864,2390.25
15,AoSoA-8,77,1.797408,2389.53
15,AoSoA-8,78,1.795712,2391.79
15,AoSoA-8,79,1.798048,2388.68
15,AoSoA-8,80,1.794752,2393.07
15,AoSoA-8,81,1.797408,2389.53
15,AoSoA-8,82,1.796672,2390.51
15,AoSoA-8,83,1.798112,2388.60
15,AoSoA-8,84,1.797664,2389.19
15,AoSoA-8,85,1.798816,2387.66
15,AoSoA-8,86,1.795296,2392.34
15,AoSoA-8,87,1.796352,2390.94
15,AoSoA-8,88,1.798848,2387.62
15,AoSoA-8,89,1.797216,2389.79
15,AoSoA-8,90,1.795808,2391.66
15,AoSoA-8,91,1.795680,2391.83
15,AoSoA-8,92,1.796736,2390.43
15,AoSoA-8,93,1.796832,2390.30
15,AoSoA-8,94,1.797856,2388.94
15,AoSoA-8,95,1.796928,2390.17
15,AoSoA-8,96,1.795904,2391.53
15,AoSoA-8,97,1.796416,2390.85
15,AoSoA-8,98,1.796640,2390.55
15,AoSoA-8,99,1.795968,2391.45
15,AoSoA-16,0,1.285056,3342.24
15,AoSoA-16,1,1.284160,3344.57
15,AoSoA-16,2,1.283904,3345.24
15,AoSoA-16,3,1.284288,3344.24
15,AoSoA-16,4,1.284288,3344.24
15,AoSoA-16,5,1.283776,3345.57
15,AoSoA-16,6,1.283520,3346.24
15,AoSoA-16,7,1.283744,3345.65
15,AoSoA-16,8,1.282432,3349.08
15,AoSoA-16,9,1.283264,3346.91
15,AoSoA-16,10,1.283520,3346.24
15,AoSoA-16,11,1.284000,3344.99
15,AoSoA-16,12,1.283968,3345.07
15,AoSoA-16,13,1.284096,3344.74
15,AoSoA-16,14,1.283008,3347.57
15,AoSoA-16,15,1.282880,3347.91
15,AoSoA-16,16,1.284128,3344.65
15,AoSoA-16,17,1.283872,3345.32
15,AoSoA-16,18,1.282912,3347.82
15,AoSoA-16,19,1.283200,3347.07
15,AoSoA-16,20,1.284640,3343.32
15,AoSoA-16,21,1.282592,3348.66
15,AoSoA-16,22,1.283232,3346.99
15,AoSoA-16,23,1.283264,3346.91
15,AoSoA-16,24,1.284416,3343.90
15,AoSoA-16,25,1.283136,3347.24
15,AoSoA-16,26,1.284192,3344.49
15,AoSoA-16,27,1.283520,3346.24
15,AoSoA-16,28,1.284256,3344.32
15,AoSoA-16,29,1.283008,3347.57
15,AoSoA-16,30,1.283328,3346.74
15,AoSoA-16,31,1.283680,3345.82
15,AoSoA-16,32,1.283200,3347.07
15,AoSoA-16,33,1.283424,3346.49
15,AoSoA-16,34,1.281696,3351.00
15,AoSoA-16,35,1.283456,3346.40
15,AoSoA-16,36,1.282432,3349.08
15,AoSoA-16,37,1.284448,3343.82
15,AoSoA-16,38,1.283232,3346.99
15,AoSoA-16,39,1.283136,3347.24
15,AoSoA-16,40,1.284800,3342.90
15,AoSoA-16,41,1.284704,3343.15
15,AoSoA-16,42,1.283328,3346.74
15,AoSoA-16,43,1.283616,3345.99
15,AoSoA-16,44,1.283808,3345.49
15,AoSoA-16,45,1.284576,3343.49
15,AoSoA-16,46,1.283328,3346.74
15,AoSoA-16,47,1.283200,3347.07
15,AoSoA-16,48,1.283552,3346.15
15,AoSoA-16,49,1.283104,3347.32
15,AoSoA-16,50,1.284672,3343.24
15,AoSoA-16,51,1.284800,3342.90
15,AoSoA-16,52,1.284928,3342.57
15,AoSoA-16,53,1.284096,3344.74
15,AoSoA-16,54,1.283968,3345.07
15,AoSoA-16,55,1.284192,3344.49
15,AoSoA-16,56,1.284288,3344.24
15,AoSoA-16,57,1.283968,3345.07
15,AoSoA-16,58,1.283968,3345.07
15,AoSoA-16,59,1.284448,3343.82
15,AoSoA-16,60,1.283648,3345.90
15,AoSoA-16,61,1.281632,3351.17
15,AoSoA-16,62,1.283744,3345.65
15,AoSoA-16,63,1.284448,3343.82
15,AoSoA-16,64,1.284192,3344.49
15,AoSoA-16,65,1.283488,3346.32
15,AoSoA-16,66,1.283936,3345.15
15,AoSoA-16,67,1.284448,3343.82
15,AoSoA-16,68,1.283328,3346.74
15,AoSoA-16,69,1.284800,3342.90
15,AoSoA-16,70,1.283648,3345.90
15,AoSoA-16,71,1.284096,3344.74
15,AoSoA-16,72,1.284544,3343.57
15,AoSoA-16,73,1.284096,3344.74
15,AoSoA-16,74,1.283744,3345.65
15,AoSoA-16,75,1.283872,3345.32
15,AoSoA-16,76,1.283712,3345.74
15,AoSoA-16,77,1.282944,3347.74
15,AoSoA-16,78,1.285632,3340.74
15,AoSoA-16,79,1.284096,3344.74
15,AoSoA-16,80,1.283488,3346.32
15,AoSoA-16,81,1.283648,3345.90
15,AoSoA-16,82,1.282912,3347.82
15,AoSoA-16,83,1.284480,3343.74
15,AoSoA-16,84,1.284096,3344.74
15,AoSoA-16,85,1.284064,3344.82
15,AoSoA-16,86,1.283424,3346.49
15,AoSoA-16,87,1.283168,3347.16
15,AoSoA-16,88,1.284000,3344.99
15,AoSoA-16,89,1.282720,3348.32
15,AoSoA-16,90,1.284064,3344.82
15,AoSoA-16,91,1.284512,3343.65
15,AoSoA-16,92,1.284288,3344.24
15,AoSoA-16,93,1.284096,3344.74
15,AoSoA-16,94,1.284448,3343.82
15,AoSoA-16,95,1.283808,3345.49
15,AoSoA-16,96,1.282880,3347.91
15,AoSoA-16,97,1.284000,3344.99
15,AoSoA-16,98,1.283424,3346.49
15,AoSoA-16,99,1.283936,3345.15
15,AoSoA-32,0,1.230144,3491.43
15,AoSoA-32,1,1.230880,3489.34
15,AoSoA-32,2,1.230144,3491.43
15,AoSoA-32,3,1.230496,3490.43
15,AoSoA-32,4,1.229152,3494.25
15,AoSoA-32,5,1.230208,3491.25
15,AoSoA-32,6,1.227968,3497.62
15,AoSoA-32,7,1.230976,3489.07
15,AoSoA-32,8,1.226880,3500.72
15,AoSoA-32,9,1.228768,3495.34
15,AoSoA-32,10,1.229152,3494.25
15,AoSoA-32,11,1.228320,3496.62
15,AoSoA-32,12,1.226240,3502.55
15,AoSoA-32,13,1.230720,3489.80
15,AoSoA-32,14,1.228768,3495.34
15,AoSoA-32,15,1.230016,3491.79
15,AoSoA-32,16,1.228640,3495.71
15,AoSoA-32,17,1.228832,3495.16
15,AoSoA-32,18,1.230144,3491.43
15,AoSoA-32,19,1.227968,3497.62
15,AoSoA-32,20,1.228992,3494.70
15,AoSoA-32,21,1.228864,3495.07
15,AoSoA-32,22,1.228640,3495.71
15,AoSoA-32,23,1.228896,3494.98
15,AoSoA-32,24,1.228160,3497.07
15,AoSoA-32,25,1.229792,3492.43
15,AoSoA-32,26,1.226816,3500.90
15,AoSoA-32,27,1.226368,3502.18
15,AoSoA-32,28,1.229184,3494.16
15,AoSoA-32,29,1.228384,3496.43
15,AoSoA-32,30,1.229472,3493.34
15,AoSoA-32,31,1.225856,3503.64
15,AoSoA-32,32,1.230016,3491.79
15,AoSoA-32,33,1.226944,3500.54
15,AoSoA-32,34,1.228896,3494.98
15,AoSoA-32,35,1.228832,3495.16
15,AoSoA-32,36,1.229120,3494.34
15,AoSoA-32,37,1.228768,3495.34
15,AoSoA-32,38,1.229472,3493.34
15,AoSoA-32,39,1.229312,3493.79
15,AoSoA-32,40,1.229344,3493.70
15,AoSoA-32,41,1.228928,3494.89
15,AoSoA-32,42,1.230240,3491.16
15,AoSoA-32,43,1.228000,3497.53
15,AoSoA-32,44,1.229344,3493.70
15,AoSoA-32,45,1.229440,3493.43
15,AoSoA-32,46,1.225792,3503.83
15,AoSoA-32,47,1.230080,3491.61
15,AoSoA-32,48,1.229152,3494.25
15,AoSoA-32,49,1.230688,3489.89
15,AoSoA-32,50,1.228896,3494.98
15,AoSoA-32,51,1.229728,3492.61
15,AoSoA-32,52,1.228960,3494.79
15,AoSoA-32,53,1.229344,3493.70
15,AoSoA-32,54,1.228096,3497.25
15,AoSoA-32,55,1.229408,3493.52
15,AoSoA-32,56,1.228288,3496.71
15,AoSoA-32,57,1.233024,3483.28
15,AoSoA-32,58,1.230656,3489.98
15,AoSoA-32,59,1.229824,3492.34
15,AoSoA-32,60,1.229056,3494.52
15,AoSoA-32,61,1.229376,3493.61
15,AoSoA-32,62,1.227808,3498.07
15,AoSoA-32,63,1.228096,3497.25
15,AoSoA-32,64,1.229696,3492.70
15,AoSoA-32,65,1.227616,3498.62
15,AoSoA-32,66,1.228736,3495.43
15,AoSoA-32,67,1.230208,3491.25
15,AoSoA-32,68,1.228352,3496.52
15,AoSoA-32,69,1.229536,3493.16
15,AoSoA-32,70,1.228160,3497.07
15,AoSoA-32,71,1.230112,3491.52
15,AoSoA-32,72,1.231360,3487.98
15,AoSoA-32,73,1.227776,3498.16
15,AoSoA-32,74,1.226304,3502.36
15,AoSoA-32,75,1.227296,3499.53
15,AoSoA-32,76,1.229952,3491.98
15,AoSoA-32,77,1.228160,3497.07
15,AoSoA-32,78,1.228864,3495.07
15,AoSoA-32,79,1.229248,3493.98
15,AoSoA-32,80,1.225120,3505.75
15,AoSoA-32,81,1.231008,3488.98
15,AoSoA-32,82,1.226720,3501.18
15,AoSoA-32,83,1.229248,3493.98
15,AoSoA-32,84,1.229408,3493.52
15,AoSoA-32,85,1.229664,3492.79
15,AoSoA-32,86,1.230144,3491.43
15,AoSoA-32,87,1.229792,3492.43
15,AoSoA-32,88,1.230432,3490.61
15,AoSoA-32,89,1.229696,3492.70
15,AoSoA-32,90,1.227136,3499.99
15,AoSoA-32,91,1.230208,3491.25
15,AoSoA-32,92,1.227904,3497.80
15,AoSoA-32,93,1.229824,3492.34
15,AoSoA-32,94,1.228352,3496.52
15,AoSoA-32,95,1.230656,3489.98
15,AoSoA-32,96,1.228608,3495.80
15,AoSoA-32,97,1.229856,3492.25
15,AoSoA-32,98,1.230112,3491.52
15,AoSoA-32,99,1.229952,3491.98
15,AoSoA-64,0,1.226240,3502.55
15,AoSoA-64,1,1.224096,3508.68
15,AoSoA-64,2,1.222624,3512.91
15,AoSoA-64,3,1.224928,3506.30
15,AoSoA-64,4,1.224960,3506.21
15,AoSoA-64,5,1.223840,3509.42
15,AoSoA-64,6,1.224032,3508.87
15,AoSoA-64,7,1.226272,3502.46
15,AoSoA-64,8,1.224064,3508.77
15,AoSoA-64,9,1.224512,3507.49
15,AoSoA-64,10,1.224736,3506.85
15,AoSoA-64,11,1.225056,3505.93
15,AoSoA-64,12,1.224800,3506.66
15,AoSoA-64,13,1.225376,3505.02
15,AoSoA-64,14,1.222784,3512.45
15,AoSoA-64,15,1.224864,3506.48
15,AoSoA-64,16,1.223776,3509.60
15,AoSoA-64,17,1.225696,3504.10
15,AoSoA-64,18,1.224672,3507.03
15,AoSoA-64,19,1.224480,3507.58
15,AoSoA-64,20,1.224672,3507.03
15,AoSoA-64,21,1.225472,3504.74
15,AoSoA-64,22,1.224032,3508.87
15,AoSoA-64,23,1.225760,3503.92
15,AoSoA-64,24,1.224320,3508.04
15,AoSoA-64,25,1.222592,3513.00
15,AoSoA-64,26,1.224512,3507.49
15,AoSoA-64,27,1.223808,3509.51
15,AoSoA-64,28,1.226304,3502.36
15,AoSoA-64,29,1.225728,3504.01
15,AoSoA-64,30,1.225856,3503.64
15,AoSoA-64,31,1.223712,3509.78
15,AoSoA-64,32,1.225408,3504.93
15,AoSoA-64,33,1.224928,3506.30
15,AoSoA-64,34,1.225568,3504.47
15,AoSoA-64,35,1.224512,3507.49
15,AoSoA-64,36,1.225536,3504.56
15,AoSoA-64,37,1.222496,3513.27
15,AoSoA-64,38,1.225536,3504.56
15,AoSoA-64,39,1.224608,3507.21
15,AoSoA-64,40,1.227232,3499.72
15,AoSoA-64,41,1.223744,3509.69
15,AoSoA-64,42,1.225856,3503.64
15,AoSoA-64,43,1.225152,3505.66
15,AoSoA-64,44,1.225504,3504.65
15,AoSoA-64,45,1.222624,3512.91
15,AoSoA-64,46,1.226016,3503.19
15,AoSoA-64,47,1.225184,3505.57
15,AoSoA-64,48,1.225440,3504.83
15,AoSoA-64,49,1.225536,3504.56
15,AoSoA-64,50,1.224928,3506.30
15,AoSoA-64,51,1.225824,3503.74
15,AoSoA-64,52,1.224000,3508.96
15,AoSoA-64,53,1.226176,3502.73
15,AoSoA-64,54,1.223744,3509.69
15,AoSoA-64,55,1.224992,3506.12
15,AoSoA-64,56,1.223680,3509.87
15,AoSoA-64,57,1.227552,3498.80
15,AoSoA-64,58,1.222816,3512.35
15,AoSoA-64,59,1.224000,3508.96
15,AoSoA-64,60,1.224832,3506.57
15,AoSoA-64,61,1.224096,3508.68
15,AoSoA-64,62,1.223712,3509.78
15,AoSoA-64,63,1.224384,3507.86
15,AoSoA-64,64,1.226208,3502.64
15,AoSoA-64,65,1.222432,3513.46
15,AoSoA-64,66,1.225376,3505.02
15,AoSoA-64,67,1.223744,3509.69
15,AoSoA-64,68,1.224960,3506.21
15,AoSoA-64,69,1.226240,3502.55
15,AoSoA-64,70,1.223840,3509.42
15,AoSoA-64,71,1.224608,3507.21
15,AoSoA-64,72,1.225344,3505.11
15,AoSoA-64,73,1.225408,3504.93
15,AoSoA-64,74,1.225536,3504.56
15,AoSoA-64,75,1.224608,3507.21
15,AoSoA-64,76,1.223488,3510.43
15,AoSoA-64,77,1.224000,3508.96
15,AoSoA-64,78,1.224256,3508.22
15,AoSoA-64,79,1.223136,3511.44
15,AoSoA-64,80,1.223520,3510.33
15,AoSoA-64,81,1.223776,3509.60
15,AoSoA-64,82,1.223392,3510.70
15,AoSoA-64,83,1.225184,3505.57
15,AoSoA-64,84,1.224000,3508.96
15,AoSoA-64,85,1.224352,3507.95
15,AoSoA-64,86,1.224384,3507.86
15,AoSoA-64,87,1.224320,3508.04
15,AoSoA-64,88,1.223648,3509.97
15,AoSoA-64,89,1.224032,3508.87
15,AoSoA-64,90,1.222816,3512.35
15,AoSoA-64,91,1.223168,3511.34
15,AoSoA-64,92,1.224768,3506.76
15,AoSoA-64,93,1.225120,3505.75
15,AoSoA-64,94,1.224192,3508.41
15,AoSoA-64,95,1.224256,3508.22
15,AoSoA-64,96,1.226496,3501.82
15,AoSoA-64,97,1.226048,3503.10
15,AoSoA-64,98,1.226080,3503.00
15,AoSoA-64,99,1.223680,3509.87
18,AoS,0,7.119328,603.28
18,AoS,1,7.124288,602.86
18,AoS,2,7.139008,601.62
18,AoS,3,7.075776,606.99
18,AoS,4,7.130560,602.33
18,AoS,5,7.093472,605.48
18,AoS,6,7.054272,608.84
18,AoS,7,7.115968,603.57
18,AoS,8,7.073024,607.23
18,AoS,9,7.091872,605.62
18,AoS,10,7.112352,603.87
18,AoS,11,7.119488,603.27
18,AoS,12,7.076512,606.93
18,AoS,13,7.087200,606.02
18,AoS,14,7.101344,604.81
18,AoS,15,7.079712,606.66
18,AoS,16,7.108000,604.24
18,AoS,17,7.162720,599.63
18,AoS,18,7.137760,601.72
18,AoS,19,7.109376,604.12
18,AoS,20,7.116352,603.53
18,AoS,21,7.105504,604.45
18,AoS,22,7.060352,608.32
18,AoS,23,7.096448,605.23
18,AoS,24,7.119168,603.29
18,AoS,25,7.115392,603.61
18,AoS,26,7.047424,609.44
18,AoS,27,7.078016,606.80
18,AoS,28,7.147584,600.90
18,AoS,29,7.113664,603.76
18,AoS,30,7.150464,600.65
18,AoS,31,7.076768,606.91
18,AoS,32,7.138880,601.63
18,AoS,33,7.077408,606.85
18,AoS,34,7.138240,601.68
18,AoS,35,7.065632,607.87
18,AoS,36,7.071104,607.39
18,AoS,37,7.044608,609.68
18,AoS,38,7.110464,604.03
18,AoS,39,7.087936,605.95
18,AoS,40,7.081408,606.51
18,AoS,41,7.101280,604.81
18,AoS,42,7.031744,610.79
18,AoS,43,7.133408,602.09
18,AoS,44,7.073408,607.20
18,AoS,45,7.020864,611.74
18,AoS,46,7.113536,603.77
18,AoS,47,7.090944,605.70
18,AoS,48,7.085600,606.15
18,AoS,49,7.115392,603.61
18,AoS,50,7.098368,605.06
18,AoS,51,7.070656,607.43
18,AoS,52,7.037856,610.26
18,AoS,53,7.074624,607.09
18,AoS,54,7.143200,601.26
18,AoS,55,7.149056,600.77
18,AoS,56,7.043040,609.81
18,AoS,57,7.112192,603.89
18,AoS,58,7.092128,605.59
18,AoS,59,7.100480,604.88
18,AoS,60,7.079712,606.66
18,AoS,61,7.069216,607.56
18,AoS,62,7.089856,605.79
18,AoS,63,7.057312,608.58
18,AoS,64,7.128480,602.51
18,AoS,65,7.053856,608.88
18,AoS,66,7.080736,606.57
18,AoS,67,7.085280,606.18
18,AoS,68,7.102496,604.71
18,AoS,69,7.102688,604.69
18,AoS,70,7.040352,610.05
18,AoS,71,7.138432,601.67
18,AoS,72,7.112512,603.86
18,AoS,73,7.107776,604.26
18,AoS,74,7.060256,608.33
18,AoS,75,7.085376,606.17
18,AoS,76,7.088160,605.93
18,AoS,77,7.062688,608.12
18,AoS,78,7.082848,606.39
18,AoS,79,7.093312,605.49
18,AoS,80,7.096896,605.19
18,AoS,81,7.081152,606.53
18,AoS,82,7.001600,613.42
18,AoS,83,7.129120,602.45
18,AoS,84,7.096608,605.21
18,AoS,85,7.100320,604.90
18,AoS,86,7.110272,604.05
18,AoS,87,7.115648,603.59
18,AoS,88,7.066176,607.82
18,AoS,89,7.090560,605.73
18,AoS,90,7.094496,605.39
18,AoS,91,7.086624,606.06
18,AoS,92,7.123136,602.96
18,AoS,93,7.096832,605.19
18,AoS,94,7.102016,604.75
18,AoS,95,7.094784,605.37
18,AoS,96,7.072832,607.25
18,AoS,97,7.058432,608.49
18,AoS,98,7.052352,609.01
18,AoS,99,7.113152,603.80
18,SoA,0,1.245056,3449.60
18,SoA,1,1.240288,3462.87
18,SoA,2,1.240928,3461.08
18,SoA,3,1.240992,3460.90
18,SoA,4,1.242752,3456.00
18,SoA,5,1.243552,3453.78
18,SoA,6,1.239648,3464.65
18,SoA,7,1.242912,3455.55
18,SoA,8,1.243008,3455.29
18,SoA,9,1.240928,3461.08
18,SoA,10,1.242432,3456.89
18,SoA,11,1.242880,3455.64
18,SoA,12,1.242080,3457.87
18,SoA,13,1.242816,3455.82
18,SoA,14,1.243264,3454.58
18,SoA,15,1.241984,3458.14
18,SoA,16,1.242752,3456.00
18,SoA,17,1.240864,3461.26
18,SoA,18,1.242144,3457.69
18,SoA,19,1.243040,3455.20
18,SoA,20,1.240928,3461.08
18,SoA,21,1.242496,3456.71
18,SoA,22,1.245248,3449.07
18,SoA,23,1.241152,3460.46
18,SoA,24,1.241408,3459.74
18,SoA,25,1.242720,3456.09
18,SoA,26,1.242048,3457.96
18,SoA,27,1.242048,3457.96
18,SoA,28,1.242496,3456.71
18,SoA,29,1.242112,3457.78
18,SoA,30,1.240416,3462.51
18,SoA,31,1.241536,3459.38
18,SoA,32,1.241152,3460.46
18,SoA,33,1.241888,3458.40
18,SoA,34,1.243040,3455.20
18,SoA,35,1.241696,3458.94
18,SoA,36,1.243584,3453.69
18,SoA,37,1.242528,3456.62
18,SoA,38,1.240064,3463.49
18,SoA,39,1.242496,3456.71
18,SoA,40,1.242144,3457.69
18,SoA,41,1.242784,3455.91
18,SoA,42,1.242880,3455.64
18,SoA,43,1.240448,3462.42
18,SoA,44,1.241728,3458.85
18,SoA,45,1.239744,3464.39
18,SoA,46,1.242208,3457.51
18,SoA,47,1.242432,3456.89
18,SoA,48,1.242656,3456.27
18,SoA,49,1.241952,3458.23
18,SoA,50,1.242528,3456.62
18,SoA,51,1.242240,3457.42
18,SoA,52,1.241696,3458.94
18,SoA,53,1.238816,3466.98
18,SoA,54,1.240768,3461.53
18,SoA,55,1.241952,3458.23
18,SoA,56,1.242304,3457.25
18,SoA,57,1.241504,3459.47
18,SoA,58,1.239168,3466.00
18,SoA,59,1.242112,3457.78
18,SoA,60,1.242144,3457.69
18,SoA,61,1.241984,3458.14
18,SoA,62,1.242688,3456.18
18,SoA,63,1.242496,3456.71
18,SoA,64,1.241632,3459.12
18,SoA,65,1.240640,3461.88
18,SoA,66,1.241088,3460.63
18,SoA,67,1.242848,3455.73
18,SoA,68,1.241696,3458.94
18,SoA,69,1.241568,3459.30
18,SoA,70,1.243488,3453.95
18,SoA,71,1.242944,3455.47
18,SoA,72,1.242464,3456.80
18,SoA,73,1.241920,3458.32
18,SoA,74,1.241536,3459.38
18,SoA,75,1.240640,3461.88
18,SoA,76,1.243296,3454.49
18,SoA,77,1.241312,3460.01
18,SoA,78,1.242656,3456.27
18,SoA,79,1.242688,3456.18
18,SoA,80,1.239136,3466.09
18,SoA,81,1.242272,3457.34
18,SoA,82,1.241792,3458.67
18,SoA,83,1.240992,3460.90
18,SoA,84,1.241248,3460.19
18,SoA,85,1.243008,3455.29
18,SoA,86,1.241760,3458.76
18,SoA,87,1.242400,3456.98
18,SoA,88,1.243744,3453.24
18,SoA,89,1.241632,3459.12
18,SoA,90,1.240128,3463.31
18,SoA,91,1.241024,3460.81
18,SoA,92,1.239584,3464.83
18,SoA,93,1.242624,3456.36
18,SoA,94,1.241600,3459.21
18,SoA,95,1.239008,3466.44
18,SoA,96,1.242112,3457.78
18,SoA,97,1.241376,3459.83
18,SoA,98,1.241984,3458.14
18,SoA,99,1.243584,3453.69
18,AoSoA-2,0,4.205088,1021.37
18,AoSoA-2,1,4.191648,1024.64
18,AoSoA-2,2,4.214976,1018.97
18,AoSoA-2,3,4.183584,1026.62
18,AoSoA-2,4,4.187360,1025.69
18,AoSoA-2,5,4.195648,1023.67
18,AoSoA-2,6,4.178336,1027.91
18,AoSoA-2,7,4.206944,1020.92
18,AoSoA-2,8,4.207808,1020.71
18,AoSoA-2,9,4.190720,1024.87
18,AoSoA-2,10,4.182048,1027.00
18,AoSoA-2,11,4.208768,1020.48
18,AoSoA-2,12,4.192160,1024.52
18,AoSoA-2,13,4.189856,1025.08
18,AoSoA-2,14,4.178848,1027.78
18,AoSoA-2,15,4.213952,1019.22
18,AoSoA-2,16,4.193600,1024.17
18,AoSoA-2,17,4.206176,1021.11
18,AoSoA-2,18,4.199360,1022.76
18,AoSoA-2,19,4.211872,1019.72
18,AoSoA-2,20,4.228864,1015.63
18,AoSoA-2,21,4.200320,1022.53
18,AoSoA-2,22,4.180608,1027.35
18,AoSoA-2,23,4.173536,1029.09
18,AoSoA-2,24,4.220352,1017.68
18,AoSoA-2,25,4.198880,1022.88
18,AoSoA-2,26,4.215008,1018.97
18,AoSoA-2,27,4.213248,1019.39
18,AoSoA-2,28,4.197376,1023.25
18,AoSoA-2,29,4.165312,1031.12
18,AoSoA-2,30,4.202880,1021.91
18,AoSoA-2,31,4.190688,1024.88
18,AoSoA-2,32,4.208288,1020.59
18,AoSoA-2,33,4.201280,1022.30
18,AoSoA-2,34,4.198304,1023.02
18,AoSoA-2,35,4.190528,1024.92
18,AoSoA-2,36,4.171424,1029.61
18,AoSoA-2,37,4.205312,1021.32
18,AoSoA-2,38,4.209184,1020.38
18,AoSoA-2,39,4.191552,1024.67
18,AoSoA-2,40,4.183776,1026.57
18,AoSoA-2,41,4.191200,1024.75
18,AoSoA-2,42,4.191392,1024.71
18,AoSoA-2,43,4.214720,1019.04
18,AoSoA-2,44,4.208256,1020.60
18,AoSoA-2,45,4.192704,1024.39
18,AoSoA-2,46,4.196640,1023.43
18,AoSoA-2,47,4.173728,1029.04
18,AoSoA-2,48,4.210272,1020.11
18,AoSoA-2,49,4.219360,1017.92
18,AoSoA-2,50,4.218016,1018.24
18,AoSoA-2,51,4.209856,1020.21
18,AoSoA-2,52,4.188992,1025.29
18,AoSoA-2,53,4.207296,1020.83
18,AoSoA-2,54,4.197696,1023.17
18,AoSoA-2,55,4.207264,1020.84
18,AoSoA-2,56,4.201312,1022.29
18,AoSoA-2,57,4.198400,1023.00
18,AoSoA-2,58,4.183520,1026.64
18,AoSoA-2,59,4.190112,1025.02
18,AoSoA-2,60,4.180256,1027.44
18,AoSoA-2,61,4.199296,1022.78
18,AoSoA-2,62,4.211264,1019.87
18,AoSoA-2,63,4.198752,1022.91
18,AoSoA-2,64,4.204000,1021.63
18,AoSoA-2,65,4.204128,1021.60
18,AoSoA-2,66,4.200640,1022.45
18,AoSoA-2,67,4.200480,1022.49
18,AoSoA-2,68,4.210048,1020.17
18,AoSoA-2,69,4.213504,1019.33
18,AoSoA-2,70,4.232000,1014.88
18,AoSoA-2,71,4.158400,1032.84
18,AoSoA-2,72,4.174016,1028.97
18,AoSoA-2,73,4.175552,1028.59
18,AoSoA-2,74,4.176288,1028.41
18,AoSoA-2,75,4.203456,1021.77
18,AoSoA-2,76,4.207200,1020.86
18,AoSoA-2,77,4.203552,1021.74
18,AoSoA-2,78,4.206848,1020.94
18,AoSoA-2,79,4.209248,1020.36
18,AoSoA-2,80,4.212224,1019.64
18,AoSoA-2,81,4.204192,1021.59
18,AoSoA-2,82,4.203840,1021.67
18,AoSoA-2,83,4.188832,1025.33
18,AoSoA-2,84,4.193120,1024.29
18,AoSoA-2,85,4.205056,1021.38
18,AoSoA-2,86,4.194080,1024.05
18,AoSoA-2,87,4.203392,1021.78
18,AoSoA-2,88,4.203232,1021.82
18,AoSoA-2,89,4.209248,1020.36
18,AoSoA-2,90,4.204672,1021.47
18,AoSoA-2,91,4.194624,1023.92
18,AoSoA-2,92,4.184192,1026.47
18,AoSoA-2,93,4.205312,1021.32
18,AoSoA-2,94,4.196800,1023.39
18,AoSoA-2,95,4.202624,1021.97
18,AoSoA-2,96,4.184960,1026.28
18,AoSoA-2,97,4.189664,1025.13
18,AoSoA-2,98,4.225984,1016.32
18,AoSoA-2,99,4.195680,1023.66
18,AoSoA-4,0,2.559200,1678.24
18,AoSoA-4,1,2.558848,1678.47
18,AoSoA-4,2,2.555552,1680.64
18,AoSoA-4,3,2.555200,1680.87
18,AoSoA-4,4,2.558304,1678.83
18,AoSoA-4,5,2.554848,1681.10
18,AoSoA-4,6,2.559616,1677.97
18,AoSoA-4,7,2.557728,1679.21
18,AoSoA-4,8,2.558496,1678.70
18,AoSoA-4,9,2.558112,1678.95
18,AoSoA-4,10,2.558336,1678.81
18,AoSoA-4,11,2.557024,1679.67
18,AoSoA-4,12,2.559968,1677.74
18,AoSoA-4,13,2.558016,1679.02
18,AoSoA-4,14,2.557536,1679.33
18,AoSoA-4,15,2.560128,1677.63
18,AoSoA-4,16,2.559008,1678.37
18,AoSoA-4,17,2.557568,1679.31
18,AoSoA-4,18,2.559776,1677.86
18,AoSoA-4,19,2.558464,1678.72
18,AoSoA-4,20,2.556640,1679.92
18,AoSoA-4,21,2.555680,1680.55
18,AoSoA-4,22,2.555744,1680.51
18,AoSoA-4,23,2.555648,1680.57
18,AoSoA-4,24,2.553984,1681.67
18,AoSoA-4,25,2.555616,1680.59
18,AoSoA-4,26,2.554400,1681.39
18,AoSoA-4,27,2.556576,1679.96
18,AoSoA-4,28,2.556672,1679.90
18,AoSoA-4,29,2.555776,1680.49
18,AoSoA-4,30,2.560704,1677.25
18,AoSoA-4,31,2.557440,1679.39
18,AoSoA-4,32,2.557376,1679.44
18,AoSoA-4,33,2.556640,1679.92
18,AoSoA-4,34,2.556800,1679.82
18,AoSoA-4,35,2.556032,1680.32
18,AoSoA-4,36,2.556832,1679.79
18,AoSoA-4,37,2.560992,1677.07
18,AoSoA-4,38,2.553344,1682.09
18,AoSoA-4,39,2.556320,1680.13
18,AoSoA-4,40,2.558304,1678.83
18,AoSoA-4,41,2.557952,1679.06
18,AoSoA-4,42,2.554400,1681.39
18,AoSoA-4,43,2.555040,1680.97
18,AoSoA-4,44,2.556608,1679.94
18,AoSoA-4,45,2.557408,1679.42
18,AoSoA-4,46,2.558848,1678.47
18,AoSoA-4,47,2.556608,1679.94
18,AoSoA-4,48,2.554816,1681.12
18,AoSoA-4,49,2.555744,1680.51
18,AoSoA-4,50,2.555360,1680.76
18,AoSoA-4,51,2.555424,1680.72
18,AoSoA-4,52,2.561216,1676.92
18,AoSoA-4,53,2.556640,1679.92
18,AoSoA-4,54,2.557696,1679.23
18,AoSoA-4,55,2.554432,1681.37
18,AoSoA-4,56,2.558880,1678.45
18,AoSoA-4,57,2.556512,1680.00
18,AoSoA-4,58,2.556928,1679.73
18,AoSoA-4,59,2.559328,1678.16
18,AoSoA-4,60,2.556608,1679.94
18,AoSoA-4,61,2.555744,1680.51
18,AoSoA-4,62,2.557696,1679.23
18,AoSoA-4,63,2.556384,1680.09
18,AoSoA-4,64,2.557280,1679.50
18,AoSoA-4,65,2.556032,1680.32
18,AoSoA-4,66,2.556544,1679.98
18,AoSoA-4,67,2.557504,1679.35
18,AoSoA-4,68,2.557216,1679.54
18,AoSoA-4,69,2.555136,1680.91
18,AoSoA-4,70,2.556480,1680.03
18,AoSoA-4,71,2.560096,1677.65
18,AoSoA-4,72,2.556256,1680.17
18,AoSoA-4,73,2.555872,1680.42
18,AoSoA-4,74,2.559456,1678.07
18,AoSoA-4,75,2.557888,1679.10
18,AoSoA-4,76,2.553408,1682.05
18,AoSoA-4,77,2.557152,1679.58
18,AoSoA-4,78,2.555936,1680.38
18,AoSoA-4,79,2.555968,1680.36
18,AoSoA-4,80,2.555904,1680.40
18,AoSoA-4,81,2.554912,1681.06
18,AoSoA-4,82,2.557152,1679.58
18,AoSoA-4,83,2.557088,1679.63
18,AoSoA-4,84,2.553760,1681.81
18,AoSoA-4,85,2.557888,1679.10
18,AoSoA-4,86,2.557184,1679.56
18,AoSoA-4,87,2.557984,1679.04
18,AoSoA-4,88,2.554080,1681.60
18,AoSoA-4,89,2.555936,1680.38
18,AoSoA-4,90,2.555392,1680.74
18,AoSoA-4,91,2.558048,1679.00
18,AoSoA-4,92,2.558752,1678.53
18,AoSoA-4,93,2.552800,1682.45
18,AoSoA-4,94,2.554464,1681.35
18,AoSoA-4,95,2.555680,1680.55
18,AoSoA-4,96,2.558304,1678.83
18,AoSoA-4,97,2.555296,1680.80
18,AoSoA-4,98,2.557280,1679.50
18,AoSoA-4,99,2.558848,1678.47
18,AoSoA-8,0,1.799232,2387.10
18,AoSoA-8,1,1.797984,2388.76
18,AoSoA-8,2,1.797472,2389.44
18,AoSoA-8,3,1.799456,2386.81
18,AoSoA-8,4,1.798624,2387.91
18,AoSoA-8,5,1.798048,2388.67
18,AoSoA-8,6,1.797664,2389.18
18,AoSoA-8,7,1.798592,2387.95
18,AoSoA-8,8,1.797344,2389.61
18,AoSoA-8,9,1.797824,2388.97
18,AoSoA-8,10,1.798080,2388.63
18,AoSoA-8,11,1.798560,2387.99
18,AoSoA-8,12,1.798144,2388.55
18,AoSoA-8,13,1.799968,2386.13
18,AoSoA-8,14,1.799008,2387.40
18,AoSoA-8,15,1.799520,2386.72
18,AoSoA-8,16,1.798400,2388.21
18,AoSoA-8,17,1.798656,2387.87
18,AoSoA-8,18,1.798016,2388.72
18,AoSoA-8,19,1.798016,2388.72
18,AoSoA-8,20,1.799520,2386.72
18,AoSoA-8,21,1.799072,2387.31
18,AoSoA-8,22,1.798048,2388.67
18,AoSoA-8,23,1.797312,2389.65
18,AoSoA-8,24,1.799136,2387.23
18,AoSoA-8,25,1.798432,2388.16
18,AoSoA-8,26,1.799648,2386.55
18,AoSoA-8,27,1.797472,2389.44
18,AoSoA-8,28,1.800064,2386.00
18,AoSoA-8,29,1.797248,2389.74
18,AoSoA-8,30,1.798720,2387.78
18,AoSoA-8,31,1.799392,2386.89
18,AoSoA-8,32,1.798432,2388.16
18,AoSoA-8,33,1.798912,2387.53
18,AoSoA-8,34,1.797536,2389.35
18,AoSoA-8,35,1.797792,2389.01
18,AoSoA-8,36,1.798208,2388.46
18,AoSoA-8,37,1.797280,2389.69
18,AoSoA-8,38,1.798400,2388.21
18,AoSoA-8,39,1.798816,2387.65
18,AoSoA-8,40,1.797824,2388.97
18,AoSoA-8,41,1.798304,2388.33
18,AoSoA-8,42,1.799264,2387.06
18,AoSoA-8,43,1.798752,2387.74
18,AoSoA-8,44,1.800544,2385.36
18,AoSoA-8,45,1.799168,2387.19
18,AoSoA-8,46,1.799872,2386.25
18,AoSoA-8,47,1.797792,2389.01
18,AoSoA-8,48,1.798848,2387.61
18,AoSoA-8,49,1.799232,2387.10
18,AoSoA-8,50,1.799904,2386.21
18,AoSoA-8,51,1.797728,2389.10
18,AoSoA-8,52,1.797472,2389.44
18,AoSoA-8,53,1.800064,2386.00
18,AoSoA-8,54,1.798464,2388.12
18,AoSoA-8,55,1.799360,2386.93
18,AoSoA-8,56,1.798816,2387.65
18,AoSoA-8,57,1.797728,2389.10
18,AoSoA-8,58,1.797984,2388.76
18,AoSoA-8,59,1.798752,2387.74
18,AoSoA-8,60,1.797568,2389.31
18,AoSoA-8,61,1.798688,2387.82
18,AoSoA-8,62,1.798432,2388.16
18,AoSoA-8,63,1.797248,2389.74
18,AoSoA-8,64,1.799200,2387.14
18,AoSoA-8,65,1.800800,2385.02
18,AoSoA-8,66,1.800672,2385.19
18,AoSoA-8,67,1.796736,2390.42
18,AoSoA-8,68,1.799168,2387.19
18,AoSoA-8,69,1.797760,2389.06
18,AoSoA-8,70,1.800576,2385.32
18,AoSoA-8,71,1.799520,2386.72
18,AoSoA-8,72,1.796800,2390.33
18,AoSoA-8,73,1.799520,2386.72
18,AoSoA-8,74,1.799712,2386.47
18,AoSoA-8,75,1.797408,2389.52
18,AoSoA-8,76,1.798976,2387.44
18,AoSoA-8,77,1.798016,2388.72
18,AoSoA-8,78,1.798688,2387.82
18,AoSoA-8,79,1.798272,2388.38
18,AoSoA-8,80,1.800512,2385.41
18,AoSoA-8,81,1.797632,2389.23
18,AoSoA-8,82,1.799936,2386.17
18,AoSoA-8,83,1.797312,2389.65
18,AoSoA-8,84,1.797600,2389.27
18,AoSoA-8,85,1.798464,2388.12
18,AoSoA-8,86,1.798336,2388.29
18,AoSoA-8,87,1.800032,2386.04
18,AoSoA-8,88,1.797632,2389.23
18,AoSoA-8,89,1.797600,2389.27
18,AoSoA-8,90,1.799424,2386.85
18,AoSoA-8,91,1.797760,2389.06
18,AoSoA-8,92,1.798336,2388.29
18,AoSoA-8,93,1.799296,2387.02
18,AoSoA-8,94,1.797728,2389.10
18,AoSoA-8,95,1.797440,2389.48
18,AoSoA-8,96,1.800320,2385.66
18,AoSoA-8,97,1.797760,2389.06
18,AoSoA-8,98,1.798560,2387.99
18,AoSoA-8,99,1.798752,2387.74
18,AoSoA-16,0,1.293344,3320.81
18,AoSoA-16,1,1.293696,3319.91
18,AoSoA-16,2,1.292224,3323.69
18,AoSoA-16,3,1.292864,3322.04
18,AoSoA-16,4,1.292352,3323.36
18,AoSoA-16,5,1.292192,3323.77
18,AoSoA-16,6,1.292864,3322.04
18,AoSoA-16,7,1.292576,3322.78
18,AoSoA-16,8,1.292352,3323.36
18,AoSoA-16,9,1.291744,3324.92
18,AoSoA-16,10,1.291808,3324.76
18,AoSoA-16,11,1.292384,3323.28
18,AoSoA-16,12,1.292160,3323.85
18,AoSoA-16,13,1.293184,3321.22
18,AoSoA-16,14,1.292256,3323.61
18,AoSoA-16,15,1.291712,3325.01
18,AoSoA-16,16,1.291328,3326.00
18,AoSoA-16,17,1.292960,3321.80
18,AoSoA-16,18,1.291616,3325.25
18,AoSoA-16,19,1.293152,3321.30
18,AoSoA-16,20,1.290848,3327.23
18,AoSoA-16,21,1.291776,3324.84
18,AoSoA-16,22,1.291552,3325.42
18,AoSoA-16,23,1.291264,3326.16
18,AoSoA-16,24,1.291776,3324.84
18,AoSoA-16,25,1.291488,3325.58
18,AoSoA-16,26,1.292512,3322.95
18,AoSoA-16,27,1.292576,3322.78
18,AoSoA-16,28,1.292512,3322.95
18,AoSoA-16,29,1.291776,3324.84
18,AoSoA-16,30,1.291616,3325.25
18,AoSoA-16,31,1.291680,3325.09
18,AoSoA-16,32,1.292832,3322.13
18,AoSoA-16,33,1.291872,3324.59
18,AoSoA-16,34,1.292960,3321.80
18,AoSoA-16,35,1.291488,3325.58
18,AoSoA-16,36,1.291104,3326.57
18,AoSoA-16,37,1.292960,3321.80
18,AoSoA-16,38,1.291648,3325.17
18,AoSoA-16,39,1.293088,3321.47
18,AoSoA-16,40,1.292288,3323.52
18,AoSoA-16,41,1.292704,3322.46
18,AoSoA-16,42,1.291328,3326.00
18,AoSoA-16,43,1.291712,3325.01
18,AoSoA-16,44,1.292960,3321.80
18,AoSoA-16,45,1.290976,3326.90
18,AoSoA-16,46,1.292576,3322.78
18,AoSoA-16,47,1.292608,3322.70
18,AoSoA-16,48,1.290880,3327.15
18,AoSoA-16,49,1.291968,3324.35
18,AoSoA-16,50,1.293024,3321.63
18,AoSoA-16,51,1.291904,3324.51
18,AoSoA-16,52,1.291776,3324.84
18,AoSoA-16,53,1.291936,3324.43
18,AoSoA-16,54,1.291488,3325.58
18,AoSoA-16,55,1.290720,3327.56
18,AoSoA-16,56,1.292000,3324.27
18,AoSoA-16,57,1.292224,3323.69
18,AoSoA-16,58,1.292448,3323.11
18,AoSoA-16,59,1.292768,3322.29
18,AoSoA-16,60,1.293184,3321.22
18,AoSoA-16,61,1.292256,3323.61
18,AoSoA-16,62,1.291456,3325.67
18,AoSoA-16,63,1.291712,3325.01
18,AoSoA-16,64,1.292608,3322.70
18,AoSoA-16,65,1.292704,3322.46
18,AoSoA-16,66,1.291968,3324.35
18,AoSoA-16,67,1.292544,3322.87
18,AoSoA-16,68,1.291904,3324.51
18,AoSoA-16,69,1.291552,3325.42
18,AoSoA-16,70,1.293568,3320.24
18,AoSoA-16,71,1.292416,3323.20
18,AoSoA-16,72,1.292768,3322.29
18,AoSoA-16,73,1.291232,3326.24
18,AoSoA-16,74,1.292160,3323.85
18,AoSoA-16,75,1.291520,3325.50
18,AoSoA-16,76,1.291456,3325.67
18,AoSoA-16,77,1.292096,3324.02
18,AoSoA-16,78,1.292896,3321.96
18,AoSoA-16,79,1.291776,3324.84
18,AoSoA-16,80,1.292096,3324.02
18,AoSoA-16,81,1.291456,3325.67
18,AoSoA-16,82,1.292512,3322.95
18,AoSoA-16,83,1.292512,3322.95
18,AoSoA-16,84,1.291968,3324.35
18,AoSoA-16,85,1.291296,3326.08
18,AoSoA-16,86,1.292416,3323.20
18,AoSoA-16,87,1.291040,3326.74
18,AoSoA-16,88,1.291616,3325.25
18,AoSoA-16,89,1.292128,3323.94
18,AoSoA-16,90,1.292096,3324.02
18,AoSoA-16,91,1.292064,3324.10
18,AoSoA-16,92,1.293024,3321.63
18,AoSoA-16,93,1.291296,3326.08
18,AoSoA-16,94,1.290720,3327.56
18,AoSoA-16,95,1.292736,3322.37
18,AoSoA-16,96,1.292064,3324.10
18,AoSoA-16,97,1.291680,3325.09
18,AoSoA-16,98,1.292288,3323.52
18,AoSoA-16,99,1.291808,3324.76
18,AoSoA-32,0,1.232544,3484.62
18,AoSoA-32,1,1.228160,3497.06
18,AoSoA-32,2,1.229472,3493.33
18,AoSoA-32,3,1.230560,3490.24
18,AoSoA-32,4,1.230176,3491.33
18,AoSoA-32,5,1.230144,3491.42
18,AoSoA-32,6,1.228608,3495.79
18,AoSoA-32,7,1.231488,3487.61
18,AoSoA-32,8,1.229152,3494.24
18,AoSoA-32,9,1.227040,3500.25
18,AoSoA-32,10,1.230496,3490.42
18,AoSoA-32,11,1.228992,3494.69
18,AoSoA-32,12,1.230720,3489.79
18,AoSoA-32,13,1.226208,3502.63
18,AoSoA-32,14,1.228704,3495.51
18,AoSoA-32,15,1.229664,3492.78
18,AoSoA-32,16,1.230816,3489.51
18,AoSoA-32,17,1.227200,3499.80
18,AoSoA-32,18,1.231552,3487.43
18,AoSoA-32,19,1.229856,3492.24
18,AoSoA-32,20,1.228960,3494.78
18,AoSoA-32,21,1.228800,3495.24
18,AoSoA-32,22,1.230240,3491.15
18,AoSoA-32,23,1.229152,3494.24
18,AoSoA-32,24,1.229888,3492.15
18,AoSoA-32,25,1.228832,3495.15
18,AoSoA-32,26,1.230080,3491.60
18,AoSoA-32,27,1.229184,3494.15
18,AoSoA-32,28,1.226272,3502.45
18,AoSoA-32,29,1.230912,3489.24
18,AoSoA-32,30,1.229824,3492.33
18,AoSoA-32,31,1.229888,3492.15
18,AoSoA-32,32,1.228384,3496.42
18,AoSoA-32,33,1.229856,3492.24
18,AoSoA-32,34,1.229952,3491.97
18,AoSoA-32,35,1.230368,3490.79
18,AoSoA-32,36,1.230624,3490.06
18,AoSoA-32,37,1.231072,3488.79
18,AoSoA-32,38,1.230240,3491.15
18,AoSoA-32,39,1.230592,3490.15
18,AoSoA-32,40,1.230496,3490.42
18,AoSoA-32,41,1.230848,3489.42
18,AoSoA-32,42,1.229024,3494.60
18,AoSoA-32,43,1.228576,3495.88
18,AoSoA-32,44,1.228160,3497.06
18,AoSoA-32,45,1.230112,3491.51
18,AoSoA-32,46,1.230496,3490.42
18,AoSoA-32,47,1.228352,3496.51
18,AoSoA-32,48,1.228416,3496.33
18,AoSoA-32,49,1.230432,3490.60
18,AoSoA-32,50,1.230240,3491.15
18,AoSoA-32,51,1.229056,3494.51
18,AoSoA-32,52,1.230432,3490.60
18,AoSoA-32,53,1.228640,3495.70
18,AoSoA-32,54,1.232000,3486.16
18,AoSoA-32,55,1.229984,3491.88
18,AoSoA-32,56,1.230688,3489.88
18,AoSoA-32,57,1.230304,3490.97
18,AoSoA-32,58,1.230528,3490.33
18,AoSoA-32,59,1.229536,3493.15
18,AoSoA-32,60,1.229632,3492.87
18,AoSoA-32,61,1.228416,3496.33
18,AoSoA-32,62,1.230496,3490.42
18,AoSoA-32,63,1.231104,3488.70
18,AoSoA-32,64,1.229536,3493.15
18,AoSoA-32,65,1.228480,3496.15
18,AoSoA-32,66,1.229408,3493.51
18,AoSoA-32,67,1.229824,3492.33
18,AoSoA-32,68,1.230624,3490.06
18,AoSoA-32,69,1.231072,3488.79
18,AoSoA-32,70,1.230080,3491.60
18,AoSoA-32,71,1.229696,3492.69
18,AoSoA-32,72,1.230016,3491.78
18,AoSoA-32,73,1.227680,3498.43
18,AoSoA-32,74,1.228896,3494.97
18,AoSoA-32,75,1.230880,3489.33
18,AoSoA-32,76,1.230912,3489.24
18,AoSoA-32,77,1.229568,3493.06
18,AoSoA-32,78,1.228416,3496.33
18,AoSoA-32,79,1.227040,3500.25
18,AoSoA-32,80,1.229920,3492.06
18,AoSoA-32,81,1.229536,3493.15
18,AoSoA-32,82,1.229952,3491.97
18,AoSoA-32,83,1.230048,3491.69
18,AoSoA-32,84,1.227936,3497.70
18,AoSoA-32,85,1.227488,3498.98
18,AoSoA-32,86,1.230784,3489.61
18,AoSoA-32,87,1.229408,3493.51
18,AoSoA-32,88,1.228288,3496.70
18,AoSoA-32,89,1.229504,3493.24
18,AoSoA-32,90,1.231168,3488.52
18,AoSoA-32,91,1.228384,3496.42
18,AoSoA-32,92,1.227648,3498.52
18,AoSoA-32,93,1.229216,3494.06
18,AoSoA-32,94,1.229120,3494.33
18,AoSoA-32,95,1.230880,3489.33
18,AoSoA-32,96,1.229824,3492.33
18,AoSoA-32,97,1.230048,3491.69
18,AoSoA-32,98,1.229056,3494.51
18,AoSoA-32,99,1.229472,3493.33
18,AoSoA-64,0,1.228992,3494.69
18,AoSoA-64,1,1.227520,3498.88
18,AoSoA-64,2,1.228608,3495.79
18,AoSoA-64,3,1.229824,3492.33
18,AoSoA-64,4,1.229632,3492.87
18,AoSoA-64,5,1.227008,3500.34
18,AoSoA-64,6,1.228320,3496.61
18,AoSoA-64,7,1.227008,3500.34
18,AoSoA-64,8,1.226976,3500.44
18,AoSoA-64,9,1.227008,3500.34
18,AoSoA-64,10,1.227552,3498.79
18,AoSoA-64,11,1.227520,3498.88
18,AoSoA-64,12,1.228128,3497.15
18,AoSoA-64,13,1.226816,3500.89
18,AoSoA-64,14,1.227456,3499.07
18,AoSoA-64,15,1.226624,3501.44
18,AoSoA-64,16,1.229408,3493.51
18,AoSoA-64,17,1.228512,3496.06
18,AoSoA-64,18,1.227296,3499.52
18,AoSoA-64,19,1.230624,3490.06
18,AoSoA-64,20,1.227232,3499.71
18,AoSoA-64,21,1.228160,3497.06
18,AoSoA-64,22,1.228928,3494.88
18,AoSoA-64,23,1.230112,3491.51
18,AoSoA-64,24,1.227488,3498.98
18,AoSoA-64,25,1.227648,3498.52
18,AoSoA-64,26,1.228256,3496.79
18,AoSoA-64,27,1.230304,3490.97
18,AoSoA-64,28,1.226112,3502.90
18,AoSoA-64,29,1.228960,3494.78
18,AoSoA-64,30,1.227840,3497.97
18,AoSoA-64,31,1.228704,3495.51
18,AoSoA-64,32,1.228704,3495.51
18,AoSoA-64,33,1.228960,3494.78
18,AoSoA-64,34,1.227808,3498.06
18,AoSoA-64,35,1.229280,3493.88
18,AoSoA-64,36,1.227616,3498.61
18,AoSoA-64,37,1.227264,3499.61
18,AoSoA-64,38,1.228704,3495.51
18,AoSoA-64,39,1.225856,3503.63
18,AoSoA-64,40,1.226368,3502.17
18,AoSoA-64,41,1.226624,3501.44
18,AoSoA-64,42,1.229376,3493.60
18,AoSoA-64,43,1.227488,3498.98
18,AoSoA-64,44,1.227136,3499.98
18,AoSoA-64,45,1.225856,3503.63
18,AoSoA-64,46,1.228000,3497.52
18,AoSoA-64,47,1.227840,3497.97
18,AoSoA-64,48,1.225376,3505.01
18,AoSoA-64,49,1.228416,3496.33
18,AoSoA-64,50,1.228960,3494.78
18,AoSoA-64,51,1.227328,3499.43
18,AoSoA-64,52,1.229440,3493.42
18,AoSoA-64,53,1.229248,3493.97
18,AoSoA-64,54,1.229248,3493.97
18,AoSoA-64,55,1.228832,3495.15
18,AoSoA-64,56,1.231360,3487.97
18,AoSoA-64,57,1.227328,3499.43
18,AoSoA-64,58,1.229760,3492.51
18,AoSoA-64,59,1.227104,3500.07
18,AoSoA-64,60,1.226784,3500.98
18,AoSoA-64,61,1.227616,3498.61
18,AoSoA-64,62,1.228992,3494.69
18,AoSoA-64,63,1.227776,3498.15
18,AoSoA-64,64,1.229728,3492.60
18,AoSoA-64,65,1.229152,3494.24
18,AoSoA-64,66,1.227360,3499.34
18,AoSoA-64,67,1.228416,3496.33
18,AoSoA-64,68,1.226432,3501.99
18,AoSoA-64,69,1.228352,3496.51
18,AoSoA-64,70,1.228672,3495.60
18,AoSoA-64,71,1.228992,3494.69
18,AoSoA-64,72,1.228192,3496.97
18,AoSoA-64,73,1.228736,3495.42
18,AoSoA-64,74,1.226976,3500.44
18,AoSoA-64,75,1.233472,3482.00
18,AoSoA-64,76,1.228352,3496.51
18,AoSoA-64,77,1.227488,3498.98
18,AoSoA-64,78,1.228800,3495.24
18,AoSoA-64,79,1.228320,3496.61
18,AoSoA-64,80,1.230048,3491.69
18,AoSoA-64,81,1.230080,3491.60
18,AoSoA-64,82,1.227232,3499.71
18,AoSoA-64,83,1.229792,3492.42
18,AoSoA-64,84,1.230848,3489.42
18,AoSoA-64,85,1.229632,3492.87
18,AoSoA-64,86,1.227488,3498.98
18,AoSoA-64,87,1.227200,3499.80
18,AoSoA-64,88,1.228960,3494.78
18,AoSoA-64,89,1.228448,3496.24
18,AoSoA-64,90,1.227840,3497.97
18,AoSoA-64,91,1.227776,3498.15
18,AoSoA-64,92,1.228096,3497.24
18,AoSoA-64,93,1.228064,3497.33
18,AoSoA-64,94,1.227008,3500.34
18,AoSoA-64,95,1.230240,3491.15
18,AoSoA-64,96,1.229152,3494.24
18,AoSoA-64,97,1.229600,3492.97
18,AoSoA-64,98,1.230144,3491.42
18,AoSoA-64,99,1.229440,3493.42
21,AoS,0,7.707168,557.27
21,AoS,1,7.662720,560.50
21,AoS,2,7.576704,566.86
21,AoS,3,7.697344,557.98
21,AoS,4,7.612128,564.22
21,AoS,5,7.614016,564.08
21,AoS,6,7.587488,566.06
21,AoS,7,7.624704,563.29
21,AoS,8,7.620864,563.58
21,AoS,9,7.646176,561.71
21,AoS,10,7.653184,561.20
21,AoS,11,7.712000,556.92
21,AoS,12,7.625952,563.20
21,AoS,13,7.719328,556.39
21,AoS,14,7.497056,572.88
21,AoS,15,7.549760,568.89
21,AoS,16,7.612800,564.17
21,AoS,17,7.532640,570.18
21,AoS,18,7.619680,563.67
21,AoS,19,7.632128,562.75
21,AoS,20,7.512544,571.70
21,AoS,21,7.611648,564.26
21,AoS,22,7.810304,549.91
21,AoS,23,7.455488,576.08
21,AoS,24,7.810560,549.89
21,AoS,25,7.703680,557.52
21,AoS,26,7.662048,560.55
21,AoS,27,7.615424,563.98
21,AoS,28,7.783648,551.79
21,AoS,29,7.538400,569.74
21,AoS,30,7.577408,566.81
21,AoS,31,7.474272,574.63
21,AoS,32,7.717088,556.55
21,AoS,33,7.646848,561.66
21,AoS,34,7.742464,554.73
21,AoS,35,7.626144,563.19
21,AoS,36,7.648224,561.56
21,AoS,37,7.698496,557.89
21,AoS,38,7.751712,554.06
21,AoS,39,7.566656,567.62
21,AoS,40,7.710208,557.05
21,AoS,41,7.787840,551.49
21,AoS,42,7.772512,552.58
21,AoS,43,7.623392,563.39
21,AoS,44,7.575936,566.92
21,AoS,45,7.690400,558.48
21,AoS,46,7.693696,558.24
21,AoS,47,7.648192,561.56
21,AoS,48,7.639008,562.24
21,AoS,49,7.616640,563.89
21,AoS,50,7.525248,570.74
21,AoS,51,7.639872,562.18
21,AoS,52,7.676832,559.47
21,AoS,53,7.572608,567.17
21,AoS,54,7.589056,565.94
21,AoS,55,7.590560,565.83
21,AoS,56,7.721440,556.24
21,AoS,57,7.681312,559.14
21,AoS,58,7.693120,558.28
21,AoS,59,7.716288,556.61
21,AoS,60,7.642464,561.99
21,AoS,61,7.687872,558.67
21,AoS,62,7.667648,560.14
21,AoS,63,7.730784,555.56
21,AoS,64,7.660672,560.65
21,AoS,65,7.504352,572.33
21,AoS,66,7.548224,569.00
21,AoS,67,7.659712,560.72
21,AoS,68,7.663616,560.43
21,AoS,69,7.600608,565.08
21,AoS,70,7.621088,563.56
21,AoS,71,7.667200,560.17
21,AoS,72,7.604256,564.81
21,AoS,73,7.807296,550.12
21,AoS,74,7.608992,564.46
21,AoS,75,7.498528,572.77
21,AoS,76,7.581664,566.49
21,AoS,77,7.666944,560.19
21,AoS,78,7.654048,561.13
21,AoS,79,7.612352,564.21
21,AoS,80,7.635200,562.52
21,AoS,81,7.554720,568.51
21,AoS,82,7.553312,568.62
21,AoS,83,7.602208,564.96
21,AoS,84,7.604192,564.81
21,AoS,85,7.588896,565.95
21,AoS,86,7.710272,557.04
21,AoS,87,7.652416,561.25
21,AoS,88,7.613408,564.13
21,AoS,89,7.617408,563.83
21,AoS,90,7.610720,564.33
21,AoS,91,7.612352,564.21
21,AoS,92,7.569248,567.42
21,AoS,93,7.540448,569.59
21,AoS,94,7.620352,563.62
21,AoS,95,7.551424,568.76
21,AoS,96,7.608352,564.50
21,AoS,97,7.617056,563.86
21,AoS,98,7.638336,562.29
21,AoS,99,7.694688,558.17
21,SoA,0,1.254304,3424.17
21,SoA,1,1.253344,3426.79
21,SoA,2,1.254144,3424.61
21,SoA,3,1.252000,3430.47
21,SoA,4,1.253536,3426.27
21,SoA,5,1.252256,3429.77
21,SoA,6,1.253504,3426.36
21,SoA,7,1.253184,3427.23
21,SoA,8,1.252608,3428.81
21,SoA,9,1.253888,3425.31
21,SoA,10,1.251520,3431.79
21,SoA,11,1.253344,3426.79
21,SoA,12,1.253152,3427.32
21,SoA,13,1.255104,3421.99
21,SoA,14,1.255520,3420.85
21,SoA,15,1.254272,3424.26
21,SoA,16,1.252224,3429.86
21,SoA,17,1.252960,3427.84
21,SoA,18,1.253472,3426.44
21,SoA,19,1.252448,3429.24
21,SoA,20,1.249728,3436.71
21,SoA,21,1.252384,3429.42
21,SoA,22,1.252576,3428.89
21,SoA,23,1.251776,3431.09
21,SoA,24,1.252864,3428.11
21,SoA,25,1.252416,3429.33
21,SoA,26,1.252192,3429.95
21,SoA,27,1.254016,3424.96
21,SoA,28,1.250656,3434.16
21,SoA,29,1.253344,3426.79
21,SoA,30,1.253184,3427.23
21,SoA,31,1.252416,3429.33
21,SoA,32,1.252928,3427.93
21,SoA,33,1.252096,3430.21
21,SoA,34,1.252704,3428.54
21,SoA,35,1.253824,3425.48
21,SoA,36,1.254208,3424.43
21,SoA,37,1.252736,3428.46
21,SoA,38,1.252800,3428.28
21,SoA,39,1.254144,3424.61
21,SoA,40,1.251616,3431.52
21,SoA,41,1.250464,3434.69
21,SoA,42,1.252192,3429.95
21,SoA,43,1.254816,3422.77
21,SoA,44,1.253856,3425.39
21,SoA,45,1.250752,3433.89
21,SoA,46,1.252768,3428.37
21,SoA,47,1.253824,3425.48
21,SoA,48,1.253344,3426.79
21,SoA,49,1.251488,3431.88
21,SoA,50,1.252672,3428.63
21,SoA,51,1.259424,3410.25
21,SoA,52,1.251872,3430.82
21,SoA,53,1.251904,3430.74
21,SoA,54,1.253280,3426.97
21,SoA,55,1.250368,3434.95
21,SoA,56,1.252864,3428.11
21,SoA,57,1.251872,3430.82
21,SoA,58,1.252544,3428.98
21,SoA,59,1.251616,3431.52
21,SoA,60,1.254144,3424.61
21,SoA,61,1.251936,3430.65
21,SoA,62,1.252960,3427.84
21,SoA,63,1.254208,3424.43
21,SoA,64,1.253856,3425.39
21,SoA,65,1.250496,3434.60
21,SoA,66,1.252480,3429.16
21,SoA,67,1.254240,3424.35
21,SoA,68,1.253824,3425.48
21,SoA,69,1.250880,3433.54
21,SoA,70,1.251680,3431.35
21,SoA,71,1.251072,3433.02
21,SoA,72,1.253248,3427.06
21,SoA,73,1.253440,3426.53
21,SoA,74,1.250592,3434.33
21,SoA,75,1.252992,3427.76
21,SoA,76,1.253312,3426.88
21,SoA,77,1.251712,3431.26
21,SoA,78,1.251648,3431.44
21,SoA,79,1.251712,3431.26
21,SoA,80,1.252224,3429.86
21,SoA,81,1.253984,3425.04
21,SoA,82,1.252064,3430.30
21,SoA,83,1.249760,3436.62
21,SoA,84,1.253760,3425.66
21,SoA,85,1.253280,3426.97
21,SoA,86,1.252992,3427.76
21,SoA,87,1.250624,3434.25
21,SoA,88,1.252544,3428.98
21,SoA,89,1.253792,3425.57
21,SoA,90,1.252672,3428.63
21,SoA,91,1.250528,3434.51
21,SoA,92,1.250688,3434.07
21,SoA,93,1.253952,3425.13
21,SoA,94,1.254464,3423.73
21,SoA,95,1.251360,3432.23
21,SoA,96,1.252224,3429.86
21,SoA,97,1.253888,3425.31
21,SoA,98,1.253536,3426.27
21,SoA,99,1.251008,3433.19
21,AoSoA-2,0,4.457600,963.51
21,AoSoA-2,1,4.445888,966.05
21,AoSoA-2,2,4.454848,964.11
21,AoSoA-2,3,4.457184,963.60
21,AoSoA-2,4,4.481088,958.46
21,AoSoA-2,5,4.465696,961.77
21,AoSoA-2,6,4.441600,966.98
21,AoSoA-2,7,4.481664,958.34
21,AoSoA-2,8,4.469888,960.86
21,AoSoA-2,9,4.463936,962.14
21,AoSoA-2,10,4.478720,958.97
21,AoSoA-2,11,4.437952,967.78
21,AoSoA-2,12,4.459840,963.03
21,AoSoA-2,13,4.446272,965.97
21,AoSoA-2,14,4.449952,965.17
21,AoSoA-2,15,4.462336,962.49
21,AoSoA-2,16,4.476992,959.34
21,AoSoA-2,17,4.443360,966.60
21,AoSoA-2,18,4.488704,956.84
21,AoSoA-2,19,4.453056,964.50
21,AoSoA-2,20,4.453984,964.29
21,AoSoA-2,21,4.471104,960.60
21,AoSoA-2,22,4.452896,964.53
21,AoSoA-2,23,4.453696,964.36
21,AoSoA-2,24,4.441920,966.91
21,AoSoA-2,25,4.456128,963.83
21,AoSoA-2,26,4.470656,960.70
21,AoSoA-2,27,4.431712,969.14
21,AoSoA-2,28,4.468032,961.26
21,AoSoA-2,29,4.452896,964.53
21,AoSoA-2,30,4.421440,971.39
21,AoSoA-2,31,4.484000,957.84
21,AoSoA-2,32,4.427616,970.04
21,AoSoA-2,33,4.454880,964.10
21,AoSoA-2,34,4.461344,962.70
21,AoSoA-2,35,4.441472,967.01
21,AoSoA-2,36,4.463840,962.17
21,AoSoA-2,37,4.464448,962.03
21,AoSoA-2,38,4.443104,966.66
21,AoSoA-2,39,4.453120,964.48
21,AoSoA-2,40,4.469856,960.87
21,AoSoA-2,41,4.429152,969.70
21,AoSoA-2,42,4.451680,964.79
21,AoSoA-2,43,4.469472,960.95
21,AoSoA-2,44,4.483808,957.88
21,AoSoA-2,45,4.440000,967.33
21,AoSoA-2,46,4.454016,964.29
21,AoSoA-2,47,4.454880,964.10
21,AoSoA-2,48,4.470080,960.82
21,AoSoA-2,49,4.470912,960.64
21,AoSoA-2,50,4.461952,962.57
21,AoSoA-2,51,4.465376,961.83
21,AoSoA-2,52,4.502400,953.92
21,AoSoA-2,53,4.437344,967.91
21,AoSoA-2,54,4.463232,962.30
21,AoSoA-2,55,4.441216,967.07
21,AoSoA-2,56,4.490368,956.48
21,AoSoA-2,57,4.465696,961.77
21,AoSoA-2,58,4.445312,966.18
21,AoSoA-2,59,4.465952,961.71
21,AoSoA-2,60,4.459136,963.18
21,AoSoA-2,61,4.424864,970.64
21,AoSoA-2,62,4.487808,957.03
21,AoSoA-2,63,4.455040,964.07
21,AoSoA-2,64,4.449568,965.25
21,AoSoA-2,65,4.477632,959.20
21,AoSoA-2,66,4.446464,965.93
21,AoSoA-2,67,4.474816,959.81
21,AoSoA-2,68,4.438016,967.76
21,AoSoA-2,69,4.493248,955.87
21,AoSoA-2,70,4.426464,970.29
21,AoSoA-2,71,4.453984,964.29
21,AoSoA-2,72,4.481472,958.38
21,AoSoA-2,73,4.425280,970.55
21,AoSoA-2,74,4.426496,970.28
21,AoSoA-2,75,4.475104,959.74
21,AoSoA-2,76,4.432672,968.93
21,AoSoA-2,77,4.465120,961.89
21,AoSoA-2,78,4.478304,959.06
21,AoSoA-2,79,4.466624,961.57
21,AoSoA-2,80,4.448832,965.41
21,AoSoA-2,81,4.449312,965.31
21,AoSoA-2,82,4.455200,964.03
21,AoSoA-2,83,4.474784,959.81
21,AoSoA-2,84,4.447424,965.72
21,AoSoA-2,85,4.443072,966.66
21,AoSoA-2,86,4.461344,962.70
21,AoSoA-2,87,4.462816,962.39
21,AoSoA-2,88,4.448800,965.42
21,AoSoA-2,89,4.441344,967.04
21,AoSoA-2,90,4.463936,962.14
21,AoSoA-2,91,4.509472,952.43
21,AoSoA-2,92,4.450624,965.02
21,AoSoA-2,93,4.445184,966.20
21,AoSoA-2,94,4.426240,970.34
21,AoSoA-2,95,4.425568,970.49
21,AoSoA-2,96,4.467808,961.31
21,AoSoA-2,97,4.425568,970.49
21,AoSoA-2,98,4.448832,965.41
21,AoSoA-2,99,4.466304,961.63
21,AoSoA-4,0,2.464864,1742.47
21,AoSoA-4,1,2.465504,1742.02
21,AoSoA-4,2,2.463328,1743.56
21,AoSoA-4,3,2.463680,1743.31
21,AoSoA-4,4,2.464928,1742.42
21,AoSoA-4,5,2.468032,1740.23
21,AoSoA-4,6,2.464704,1742.58
21,AoSoA-4,7,2.464512,1742.72
21,AoSoA-4,8,2.463552,1743.40
21,AoSoA-4,9,2.464288,1742.88
21,AoSoA-4,10,2.462656,1744.03
21,AoSoA-4,11,2.465248,1742.20
21,AoSoA-4,12,2.465056,1742.33
21,AoSoA-4,13,2.463744,1743.26
21,AoSoA-4,14,2.465408,1742.09
21,AoSoA-4,15,2.470464,1738.52
21,AoSoA-4,16,2.465440,1742.06
21,AoSoA-4,17,2.463904,1743.15
21,AoSoA-4,18,2.464608,1742.65
21,AoSoA-4,19,2.465376,1742.11
21,AoSoA-4,20,2.466784,1741.11
21,AoSoA-4,21,2.462368,1744.24
21,AoSoA-4,22,2.465216,1742.22
21,AoSoA-4,23,2.462240,1744.33
21,AoSoA-4,24,2.464480,1742.74
21,AoSoA-4,25,2.464384,1742.81
21,AoSoA-4,26,2.466816,1741.09
21,AoSoA-4,27,2.464160,1742.97
21,AoSoA-4,28,2.466816,1741.09
21,AoSoA-4,29,2.462848,1743.90
21,AoSoA-4,30,2.464704,1742.58
21,AoSoA-4,31,2.464512,1742.72
21,AoSoA-4,32,2.462592,1744.08
21,AoSoA-4,33,2.464096,1743.01
21,AoSoA-4,34,2.466368,1741.41
21,AoSoA-4,35,2.464128,1742.99
21,AoSoA-4,36,2.465856,1741.77
21,AoSoA-4,37,2.464032,1743.06
21,AoSoA-4,38,2.465312,1742.15
21,AoSoA-4,39,2.465600,1741.95
21,AoSoA-4,40,2.461824,1744.62
21,AoSoA-4,41,2.462144,1744.39
21,AoSoA-4,42,2.465248,1742.20
21,AoSoA-4,43,2.466816,1741.09
21,AoSoA-4,44,2.462912,1743.85
21,AoSoA-4,45,2.465248,1742.20
21,AoSoA-4,46,2.462912,1743.85
21,AoSoA-4,47,2.462176,1744.37
21,AoSoA-4,48,2.465856,1741.77
21,AoSoA-4,49,2.465792,1741.81
21,AoSoA-4,50,2.466336,1741.43
21,AoSoA-4,51,2.465056,1742.33
21,AoSoA-4,52,2.464256,1742.90
21,AoSoA-4,53,2.465568,1741.97
21,AoSoA-4,54,2.464992,1742.38
21,AoSoA-4,55,2.463968,1743.10
21,AoSoA-4,56,2.462976,1743.81
21,AoSoA-4,57,2.463200,1743.65
21,AoSoA-4,58,2.464800,1742.52
21,AoSoA-4,59,2.463776,1743.24
21,AoSoA-4,60,2.461312,1744.98
21,AoSoA-4,61,2.462688,1744.01
21,AoSoA-4,62,2.470240,1738.68
21,AoSoA-4,63,2.465696,1741.88
21,AoSoA-4,64,2.467552,1740.57
21,AoSoA-4,65,2.465984,1741.68
21,AoSoA-4,66,2.469984,1738.86
21,AoSoA-4,67,2.465600,1741.95
21,AoSoA-4,68,2.464640,1742.63
21,AoSoA-4,69,2.468064,1740.21
21,AoSoA-4,70,2.461824,1744.62
21,AoSoA-4,71,2.465088,1742.31
21,AoSoA-4,72,2.462304,1744.28
21,AoSoA-4,73,2.466688,1741.18
21,AoSoA-4,74,2.462400,1744.21
21,AoSoA-4,75,2.464896,1742.45
21,AoSoA-4,76,2.464160,1742.97
21,AoSoA-4,77,2.465024,1742.36
21,AoSoA-4,78,2.461408,1744.92
21,AoSoA-4,79,2.464032,1743.06
21,AoSoA-4,80,2.464736,1742.56
21,AoSoA-4,81,2.461728,1744.69
21,AoSoA-4,82,2.462816,1743.92
21,AoSoA-4,83,2.464640,1742.63
21,AoSoA-4,84,2.464768,1742.54
21,AoSoA-4,85,2.462976,1743.81
21,AoSoA-4,86,2.466784,1741.11
21,AoSoA-4,87,2.463200,1743.65
21,AoSoA-4,88,2.464288,1742.88
21,AoSoA-4,89,2.463808,1743.22
21,AoSoA-4,90,2.466016,1741.66
21,AoSoA-4,91,2.464832,1742.49
21,AoSoA-4,92,2.466048,1741.63
21,AoSoA-4,93,2.466048,1741.63
21,AoSoA-4,94,2.464736,1742.56
21,AoSoA-4,95,2.465984,1741.68
21,AoSoA-4,96,2.464064,1743.04
21,AoSoA-4,97,2.459712,1746.12
21,AoSoA-4,98,2.465568,1741.97
21,AoSoA-4,99,2.465632,1741.93
21,AoSoA-8,0,1.791936,2396.82
21,AoSoA-8,1,1.789312,2400.34
21,AoSoA-8,2,1.792032,2396.69
21,AoSoA-8,3,1.791744,2397.08
21,AoSoA-8,4,1.791840,2396.95
21,AoSoA-8,5,1.791232,2397.76
21,AoSoA-8,6,1.790720,2398.45
21,AoSoA-8,7,1.788256,2401.75
21,AoSoA-8,8,1.789440,2400.16
21,AoSoA-8,9,1.789664,2399.86
21,AoSoA-8,10,1.790848,2398.28
21,AoSoA-8,11,1.790208,2399.14
21,AoSoA-8,12,1.791616,2397.25
21,AoSoA-8,13,1.791008,2398.06
21,AoSoA-8,14,1.789984,2399.44
21,AoSoA-8,15,1.790688,2398.49
21,AoSoA-8,16,1.791648,2397.21
21,AoSoA-8,17,1.792192,2396.48
21,AoSoA-8,18,1.790400,2398.88
21,AoSoA-8,19,1.790464,2398.79
21,AoSoA-8,20,1.789600,2399.95
21,AoSoA-8,21,1.790432,2398.84
21,AoSoA-8,22,1.790368,2398.92
21,AoSoA-8,23,1.791776,2397.04
21,AoSoA-8,24,1.790496,2398.75
21,AoSoA-8,25,1.789408,2400.21
21,AoSoA-8,26,1.791680,2397.16
21,AoSoA-8,27,1.789952,2399.48
21,AoSoA-8,28,1.793344,2394.94
21,AoSoA-8,29,1.791584,2397.29
21,AoSoA-8,30,1.790720,2398.45
21,AoSoA-8,31,1.790080,2399.31
21,AoSoA-8,32,1.793120,2395.24
21,AoSoA-8,33,1.791360,2397.59
21,AoSoA-8,34,1.791424,2397.51
21,AoSoA-8,35,1.791264,2397.72
21,AoSoA-8,36,1.789792,2399.69
21,AoSoA-8,37,1.788896,2400.89
21,AoSoA-8,38,1.789952,2399.48
21,AoSoA-8,39,1.792896,2395.54
21,AoSoA-8,40,1.790528,2398.71
21,AoSoA-8,41,1.790784,2398.36
21,AoSoA-8,42,1.791808,2396.99
21,AoSoA-8,43,1.791136,2397.89
21,AoSoA-8,44,1.790624,2398.58
21,AoSoA-8,45,1.792416,2396.18
21,AoSoA-8,46,1.789952,2399.48
21,AoSoA-8,47,1.791520,2397.38
21,AoSoA-8,48,1.792096,2396.61
21,AoSoA-8,49,1.790944,2398.15
21,AoSoA-8,50,1.789184,2400.51
21,AoSoA-8,51,1.792448,2396.14
21,AoSoA-8,52,1.788896,2400.89
21,AoSoA-8,53,1.789792,2399.69
21,AoSoA-8,54,1.790816,2398.32
21,AoSoA-8,55,1.792512,2396.05
21,AoSoA-8,56,1.792160,2396.52
21,AoSoA-8,57,1.791456,2397.46
21,AoSoA-8,58,1.791104,2397.94
21,AoSoA-8,59,1.792992,2395.41
21,AoSoA-8,60,1.792704,2395.79
21,AoSoA-8,61,1.790752,2398.41
21,AoSoA-8,62,1.790304,2399.01
21,AoSoA-8,63,1.790560,2398.66
21,AoSoA-8,64,1.790240,2399.09
21,AoSoA-8,65,1.789600,2399.95
21,AoSoA-8,66,1.789920,2399.52
21,AoSoA-8,67,1.791808,2396.99
21,AoSoA-8,68,1.790976,2398.11
21,AoSoA-8,69,1.791488,2397.42
21,AoSoA-8,70,1.791520,2397.38
21,AoSoA-8,71,1.792864,2395.58
21,AoSoA-8,72,1.789824,2399.65
21,AoSoA-8,73,1.789792,2399.69
21,AoSoA-8,74,1.792032,2396.69
21,AoSoA-8,75,1.791456,2397.46
21,AoSoA-8,76,1.790784,2398.36
21,AoSoA-8,77,1.791904,2396.86
21,AoSoA-8,78,1.791456,2397.46
21,AoSoA-8,79,1.789920,2399.52
21,AoSoA-8,80,1.790336,2398.96
21,AoSoA-8,81,1.794304,2393.66
21,AoSoA-8,82,1.790976,2398.11
21,AoSoA-8,83,1.794048,2394.00
21,AoSoA-8,84,1.793088,2395.28
21,AoSoA-8,85,1.792032,2396.69
21,AoSoA-8,86,1.790016,2399.39
21,AoSoA-8,87,1.793248,2395.07
21,AoSoA-8,88,1.793120,2395.24
21,AoSoA-8,89,1.790688,2398.49
21,AoSoA-8,90,1.790528,2398.71
21,AoSoA-8,91,1.792608,2395.92
21,AoSoA-8,92,1.791360,2397.59
21,AoSoA-8,93,1.791008,2398.06
21,AoSoA-8,94,1.792864,2395.58
21,AoSoA-8,95,1.790848,2398.28
21,AoSoA-8,96,1.792864,2395.58
21,AoSoA-8,97,1.791232,2397.76
21,AoSoA-8,98,1.792128,2396.56
21,AoSoA-8,99,1.790944,2398.15
21,AoSoA-16,0,1.298464,3307.72
21,AoSoA-16,1,1.296448,3312.86
21,AoSoA-16,2,1.296448,3312.86
21,AoSoA-16,3,1.295840,3314.41
21,AoSoA-16,4,1.297312,3310.65
21,AoSoA-16,5,1.297312,3310.65
21,AoSoA-16,6,1.297088,3311.23
21,AoSoA-16,7,1.296736,3312.12
21,AoSoA-16,8,1.297024,3311.39
21,AoSoA-16,9,1.295968,3314.09
21,AoSoA-16,10,1.298016,3308.86
21,AoSoA-16,11,1.297312,3310.65
21,AoSoA-16,12,1.297632,3309.84
21,AoSoA-16,13,1.296352,3313.11
21,AoSoA-16,14,1.296640,3312.37
21,AoSoA-16,15,1.296640,3312.37
21,AoSoA-16,16,1.296320,3313.19
21,AoSoA-16,17,1.296800,3311.96
21,AoSoA-16,18,1.296096,3313.76
21,AoSoA-16,19,1.297248,3310.82
21,AoSoA-16,20,1.296480,3312.78
21,AoSoA-16,21,1.297056,3311.31
21,AoSoA-16,22,1.296928,3311.63
21,AoSoA-16,23,1.297856,3309.27
21,AoSoA-16,24,1.297344,3310.57
21,AoSoA-16,25,1.296864,3311.80
21,AoSoA-16,26,1.295328,3315.72
21,AoSoA-16,27,1.297216,3310.90
21,AoSoA-16,28,1.296608,3312.45
21,AoSoA-16,29,1.296896,3311.72
21,AoSoA-16,30,1.297536,3310.08
21,AoSoA-16,31,1.295168,3316.13
21,AoSoA-16,32,1.296960,3311.55
21,AoSoA-16,33,1.297632,3309.84
21,AoSoA-16,34,1.297472,3310.25
21,AoSoA-16,35,1.297376,3310.49
21,AoSoA-16,36,1.297152,3311.06
21,AoSoA-16,37,1.297888,3309.18
21,AoSoA-16,38,1.296576,3312.53
21,AoSoA-16,39,1.297760,3309.51
21,AoSoA-16,40,1.297888,3309.18
21,AoSoA-16,41,1.296448,3312.86
21,AoSoA-16,42,1.295584,3315.07
21,AoSoA-16,43,1.295584,3315.07
21,AoSoA-16,44,1.296160,3313.60
21,AoSoA-16,45,1.297248,3310.82
21,AoSoA-16,46,1.295904,3314.25
21,AoSoA-16,47,1.298304,3308.12
21,AoSoA-16,48,1.297056,3311.31
21,AoSoA-16,49,1.297408,3310.41
21,AoSoA-16,50,1.298112,3308.61
21,AoSoA-16,51,1.295456,3315.40
21,AoSoA-16,52,1.297344,3310.57
21,AoSoA-16,53,1.297184,3310.98
21,AoSoA-16,54,1.296128,3313.68
21,AoSoA-16,55,1.296896,3311.72
21,AoSoA-16,56,1.295296,3315.81
21,AoSoA-16,57,1.297376,3310.49
21,AoSoA-16,58,1.296896,3311.72
21,AoSoA-16,59,1.296288,3313.27
21,AoSoA-16,60,1.296896,3311.72
21,AoSoA-16,61,1.294784,3317.12
21,AoSoA-16,62,1.297056,3311.31
21,AoSoA-16,63,1.297920,3309.10
21,AoSoA-16,64,1.295520,3315.23
21,AoSoA-16,65,1.296608,3312.45
21,AoSoA-16,66,1.295360,3315.64
21,AoSoA-16,67,1.296576,3312.53
21,AoSoA-16,68,1.296192,3313.51
21,AoSoA-16,69,1.297664,3309.76
21,AoSoA-16,70,1.295072,3316.38
21,AoSoA-16,71,1.297024,3311.39
21,AoSoA-16,72,1.297568,3310.00
21,AoSoA-16,73,1.296608,3312.45
21,AoSoA-16,74,1.296480,3312.78
21,AoSoA-16,75,1.296384,3313.02
21,AoSoA-16,76,1.295712,3314.74
21,AoSoA-16,77,1.297664,3309.76
21,AoSoA-16,78,1.295360,3315.64
21,AoSoA-16,79,1.295808,3314.50
21,AoSoA-16,80,1.296096,3313.76
21,AoSoA-16,81,1.295744,3314.66
21,AoSoA-16,82,1.297952,3309.02
21,AoSoA-16,83,1.295968,3314.09
21,AoSoA-16,84,1.297024,3311.39
21,AoSoA-16,85,1.295552,3315.15
21,AoSoA-16,86,1.296832,3311.88
21,AoSoA-16,87,1.297248,3310.82
21,AoSoA-16,88,1.297920,3309.10
21,AoSoA-16,89,1.296736,3312.12
21,AoSoA-16,90,1.296960,3311.55
21,AoSoA-16,91,1.296448,3312.86
21,AoSoA-16,92,1.296768,3312.04
21,AoSoA-16,93,1.297568,3310.00
21,AoSoA-16,94,1.298112,3308.61
21,AoSoA-16,95,1.297056,3311.31
21,AoSoA-16,96,1.297088,3311.23
21,AoSoA-16,97,1.297376,3310.49
21,AoSoA-16,98,1.297376,3310.49
21,AoSoA-16,99,1.296864,3311.80
21,AoSoA-32,0,1.231072,3488.79
21,AoSoA-32,1,1.230336,3490.88
21,AoSoA-32,2,1.229728,3492.60
21,AoSoA-32,3,1.230944,3489.15
21,AoSoA-32,4,1.230112,3491.51
21,AoSoA-32,5,1.231008,3488.97
21,AoSoA-32,6,1.230016,3491.78
21,AoSoA-32,7,1.232992,3483.36
21,AoSoA-32,8,1.229664,3492.78
21,AoSoA-32,9,1.228736,3495.42
21,AoSoA-32,10,1.230400,3490.69
21,AoSoA-32,11,1.231584,3487.34
21,AoSoA-32,12,1.230720,3489.79
21,AoSoA-32,13,1.230400,3490.69
21,AoSoA-32,14,1.229184,3494.15
21,AoSoA-32,15,1.227584,3498.70
21,AoSoA-32,16,1.233184,3482.81
21,AoSoA-32,17,1.229632,3492.87
21,AoSoA-32,18,1.228544,3495.97
21,AoSoA-32,19,1.229472,3493.33
21,AoSoA-32,20,1.230976,3489.06
21,AoSoA-32,21,1.229952,3491.97
21,AoSoA-32,22,1.230560,3490.24
21,AoSoA-32,23,1.229504,3493.24
21,AoSoA-32,24,1.230880,3489.33
21,AoSoA-32,25,1.230240,3491.15
21,AoSoA-32,26,1.232256,3485.44
21,AoSoA-32,27,1.230048,3491.69
21,AoSoA-32,28,1.230208,3491.24
21,AoSoA-32,29,1.228352,3496.51
21,AoSoA-32,30,1.230368,3490.79
21,AoSoA-32,31,1.229888,3492.15
21,AoSoA-32,32,1.227936,3497.70
21,AoSoA-32,33,1.229824,3492.33
21,AoSoA-32,34,1.228800,3495.24
21,AoSoA-32,35,1.229824,3492.33
21,AoSoA-32,36,1.230816,3489.51
21,AoSoA-32,37,1.232032,3486.07
21,AoSoA-32,38,1.230240,3491.15
21,AoSoA-32,39,1.227104,3500.07
21,AoSoA-32,40,1.230560,3490.24
21,AoSoA-32,41,1.231264,3488.25
21,AoSoA-32,42,1.229600,3492.97
21,AoSoA-32,43,1.228736,3495.42
21,AoSoA-32,44,1.228992,3494.69
21,AoSoA-32,45,1.229440,3493.42
21,AoSoA-32,46,1.229792,3492.42
21,AoSoA-32,47,1.229344,3493.69
21,AoSoA-32,48,1.229888,3492.15
21,AoSoA-32,49,1.229152,3494.24
21,AoSoA-32,50,1.230528,3490.33
21,AoSoA-32,51,1.226592,3501.53
21,AoSoA-32,52,1.231840,3486.61
21,AoSoA-32,53,1.228256,3496.79
21,AoSoA-32,54,1.230400,3490.69
21,AoSoA-32,55,1.229312,3493.78
21,AoSoA-32,56,1.230080,3491.60
21,AoSoA-32,57,1.229568,3493.06
21,AoSoA-32,58,1.226656,3501.35
21,AoSoA-32,59,1.229536,3493.15
21,AoSoA-32,60,1.230976,3489.06
21,AoSoA-32,61,1.229440,3493.42
21,AoSoA-32,62,1.231552,3487.43
21,AoSoA-32,63,1.227904,3497.79
21,AoSoA-32,64,1.228992,3494.69
21,AoSoA-32,65,1.228448,3496.24
21,AoSoA-32,66,1.230912,3489.24
21,AoSoA-32,67,1.228992,3494.69
21,AoSoA-32,68,1.229472,3493.33
21,AoSoA-32,69,1.228800,3495.24
21,AoSoA-32,70,1.229824,3492.33
21,AoSoA-32,71,1.230816,3489.51
21,AoSoA-32,72,1.230272,3491.06
21,AoSoA-32,73,1.231136,3488.61
21,AoSoA-32,74,1.227232,3499.71
21,AoSoA-32,75,1.231552,3487.43
21,AoSoA-32,76,1.230240,3491.15
21,AoSoA-32,77,1.230016,3491.78
21,AoSoA-32,78,1.230784,3489.61
21,AoSoA-32,79,1.229248,3493.97
21,AoSoA-32,80,1.229824,3492.33
21,AoSoA-32,81,1.229984,3491.88
21,AoSoA-32,82,1.229536,3493.15
21,AoSoA-32,83,1.229856,3492.24
21,AoSoA-32,84,1.229376,3493.60
21,AoSoA-32,85,1.229248,3493.97
21,AoSoA-32,86,1.233152,3482.90
21,AoSoA-32,87,1.228480,3496.15
21,AoSoA-32,88,1.230528,3490.33
21,AoSoA-32,89,1.231040,3488.88
21,AoSoA-32,90,1.229120,3494.33
21,AoSoA-32,91,1.229984,3491.88
21,AoSoA-32,92,1.227232,3499.71
21,AoSoA-32,93,1.230304,3490.97
21,AoSoA-32,94,1.229952,3491.97
21,AoSoA-32,95,1.227008,3500.34
21,AoSoA-32,96,1.230336,3490.88
21,AoSoA-32,97,1.226976,3500.44
21,AoSoA-32,98,1.230656,3489.97
21,AoSoA-32,99,1.230464,3490.51
21,AoSoA-64,0,1.231776,3486.80
21,AoSoA-64,1,1.231072,3488.79
21,AoSoA-64,2,1.230112,3491.51
21,AoSoA-64,3,1.230912,3489.24
21,AoSoA-64,4,1.232256,3485.44
21,AoSoA-64,5,1.230688,3489.88
21,AoSoA-64,6,1.229952,3491.97
21,AoSoA-64,7,1.229952,3491.97
21,AoSoA-64,8,1.230912,3489.24
21,AoSoA-64,9,1.230656,3489.97
21,AoSoA-64,10,1.233184,3482.81
21,AoSoA-64,11,1.231232,3488.34
21,AoSoA-64,12,1.230144,3491.42
21,AoSoA-64,13,1.233856,3480.92
21,AoSoA-64,14,1.231008,3488.97
21,AoSoA-64,15,1.230720,3489.79
21,AoSoA-64,16,1.232288,3485.35
21,AoSoA-64,17,1.231968,3486.25
21,AoSoA-64,18,1.233536,3481.82
21,AoSoA-64,19,1.229824,3492.33
21,AoSoA-64,20,1.230880,3489.33
21,AoSoA-64,21,1.232608,3484.44
21,AoSoA-64,22,1.233056,3483.18
21,AoSoA-64,23,1.229408,3493.51
21,AoSoA-64,24,1.231968,3486.25
21,AoSoA-64,25,1.230528,3490.33
21,AoSoA-64,26,1.232000,3486.16
21,AoSoA-64,27,1.232480,3484.80
21,AoSoA-64,28,1.230176,3491.33
21,AoSoA-64,29,1.230912,3489.24
21,AoSoA-64,30,1.228864,3495.06
21,AoSoA-64,31,1.232640,3484.35
21,AoSoA-64,32,1.232224,3485.53
21,AoSoA-64,33,1.231648,3487.16
21,AoSoA-64,34,1.230912,3489.24
21,AoSoA-64,35,1.231168,3488.52
21,AoSoA-64,36,1.231104,3488.70
21,AoSoA-64,37,1.231168,3488.52
21,AoSoA-64,38,1.230272,3491.06
21,AoSoA-64,39,1.231776,3486.80
21,AoSoA-64,40,1.231648,3487.16
21,AoSoA-64,41,1.230656,3489.97
21,AoSoA-64,42,1.231808,3486.70
21,AoSoA-64,43,1.230912,3489.24
21,AoSoA-64,44,1.231808,3486.70
21,AoSoA-64,45,1.231072,3488.79
21,AoSoA-64,46,1.231264,3488.25
21,AoSoA-64,47,1.230720,3489.79
21,AoSoA-64,48,1.231424,3487.79
21,AoSoA-64,49,1.231008,3488.97
21,AoSoA-64,50,1.229856,3492.24
21,AoSoA-64,51,1.229568,3493.06
21,AoSoA-64,52,1.231168,3488.52
21,AoSoA-64,53,1.231456,3487.70
21,AoSoA-64,54,1.230848,3489.42
21,AoSoA-64,55,1.231200,3488.43
21,AoSoA-64,56,1.231744,3486.89
21,AoSoA-64,57,1.231840,3486.61
21,AoSoA-64,58,1.230400,3490.69
21,AoSoA-64,59,1.230720,3489.79
21,AoSoA-64,60,1.230848,3489.42
21,AoSoA-64,61,1.230912,3489.24
21,AoSoA-64,62,1.230880,3489.33
21,AoSoA-64,63,1.231264,3488.25
21,AoSoA-64,64,1.230912,3489.24
21,AoSoA-64,65,1.230464,3490.51
21,AoSoA-64,66,1.231264,3488.25
21,AoSoA-64,67,1.229056,3494.51
21,AoSoA-64,68,1.232160,3485.71
21,AoSoA-64,69,1.231136,3488.61
21,AoSoA-64,70,1.230144,3491.42
21,AoSoA-64,71,1.232416,3484.98
21,AoSoA-64,72,1.229984,3491.88
21,AoSoA-64,73,1.231200,3488.43
21,AoSoA-64,74,1.231712,3486.98
21,AoSoA-64,75,1.230624,3490.06
21,AoSoA-64,76,1.230528,3490.33
21,AoSoA-64,77,1.232448,3484.89
21,AoSoA-64,78,1.230432,3490.60
21,AoSoA-64,79,1.231552,3487.43
21,AoSoA-64,80,1.228896,3494.97
21,AoSoA-64,81,1.231008,3488.97
21,AoSoA-64,82,1.231136,3488.61
21,AoSoA-64,83,1.232256,3485.44
21,AoSoA-64,84,1.231616,3487.25
21,AoSoA-64,85,1.230656,3489.97
21,AoSoA-64,86,1.232000,3486.16
21,AoSoA-64,87,1.229344,3493.69
21,AoSoA-64,88,1.232384,3485.08
21,AoSoA-64,89,1.230752,3489.70
21,AoSoA-64,90,1.231904,3486.43
21,AoSoA-64,91,1.231072,3488.79
21,AoSoA-64,92,1.231392,3487.88
21,AoSoA-64,93,1.231264,3488.25
21,AoSoA-64,94,1.229664,3492.78
21,AoSoA-64,95,1.230880,3489.33
21,AoSoA-64,96,1.231808,3486.70
21,AoSoA-64,97,1.232672,3484.26
21,AoSoA-64,98,1.229856,3492.24
21,AoSoA-64,99,1.234560,3478.93
